src/data/gfs/20180331-japan-2m-above-ground-temp/output.json
{"header": {"discipline":0,"disciplineName":"Meteorological products","gribEdition":2,"gribLength":14305,"center":7,"centerName":"US National Weather Service - NCEP(WMC)","subcenter":0,"refTime":"2018-03-31T00:00:00.000Z","significanceOfRT":1,"significanceOfRTName":"Start of forecast","productStatus":0,"productStatusName":"Operational products","productType":1,"productTypeName":"Forecast products","productDefinitionTemplate":0,"productDefinitionTemplateName":"Analysis/forecast at horizontal level/layer at a point in time","parameterCategory":0,"parameterCategoryName":"Temperature","parameterNumber":0,"parameterNumberName":"Temperature","parameterUnit":"K","genProcessType":2,"genProcessTypeName":"Forecast","forecastTime":384,"surface1Type":103,"surface1TypeName":"Specified height level above ground","surface1Value":2,"surface2Type":255,"surface2TypeName":"Missing","surface2Value":0,"gridDefinitionTemplate":0,"gridDefinitionTemplateName":"Latitude_Longitude","numberPoints":9417,"shape":6,"shapeName":"Earth spherical with radius of 6,371,229.0 m","gridUnits":"degrees","resolution":48,"winds":"true","scanMode":64,"nx":129,"ny":73,"basicAngle":0,"lo1":121,"la1":28,"lo2":153,"la2":46,"dx":0.25,"dy":0.25}, "data":
[rows 26 to 51 of 73, columns 0 to 59 of 129]
285.04236,285.20233,285.25235,285.27234,285.25235,285.23233,285.26233,285.16235,285.13235,285.10236,285.06235,285.00235,285.01233,285.03235,284.99234,284.88235,284.72235,284.62234,284.57236,284.59235,284.76233,285.16235,285.87234,285.40234,284.93234,284.88235,284.91235,284.89233,284.87234,284.88235,284.93234,285.06235,285.16235,285.25235,285.27234,285.21234,285.11234,284.99234,284.84235,284.63235,284.30234,283.80234,282.75235,281.37234,280.72235,281.16235,282.41235,283.26233,283.71234,284.36234,285.22235,285.71234,285.50235,285.56235,285.69235,285.70233,285.39233,285.01233,284.33234,283.44235
284.95233,285.06235,285.11234,285.12234,285.12234,285.14233,285.23233,285.13235,285.00235,284.87234,284.78235,284.79236,284.96234,285.08234,285.05234,284.88235,284.68234,284.52234,284.48233,284.57236,284.83234,285.29236,285.97235,286.31235,286.55234,286.49234,285.58234,285.03235,284.82236,284.66235,284.52234,284.59235,284.84235,284.97235,285.01233,285.00235,284.92233,284.80234,284.68234,284.53235,284.36234,284.20233,283.40234,282.25235,281.35236,280.94235,280.99234,281.01233,281.02234,281.46234,282.39233,283.52234,284.34235,284.82236,285.04236,285.06235,284.93234,284.59235,284.46234,284.14233
284.94235,285.00235,285.00235,285.02234,285.04236,285.09235,285.22235,285.15234,284.98233,284.79236,284.66235,284.67233,284.82236,284.97235,284.99234,284.88235,284.76233,284.66235,284.57236,284.63235,284.93234,285.54236,286.11234,286.64233,286.89233,286.77234,286.30234,286.17233,286.13235,285.91235,285.49234,285.10236,284.65234,284.72235,284.88235,284.92233,284.82236,284.70233,284.58234,284.41235,284.20233,284.06235,283.72235,283.15234,282.53235,281.92233,281.28235,280.46234,279.77234,279.65234,280.27234,281.57236,282.37234,282.59235,282.64233,282.76233,283.10236,282.93234,282.70233,282.69235
284.88235,284.91235,284.92233,284.96234,285.03235,285.12234,285.23233,285.21234,285.05234,284.83234,284.64233,284.54236,284.59235,284.73233,284.82236,284.84235,284.85236,284.82236,284.73233,284.76233,285.06235,285.70233,286.16235,286.76233,286.91235,286.57236,286.18234,286.31235,286.55234,286.56235,286.19235,285.46234,284.59235,284.45233,284.60236,284.74234,284.71234,284.58234,284.46234,284.30234,284.10236,283.92233,283.80234,283.65234,283.41235,283.01233,282.34235,281.29236,280.25235,279.65234,279.74234,280.63235,280.98233,280.88235,280.85236,281.20233,281.97235,281.89233,281.41235,281.34235
284.77234,284.81235,284.85236,284.91235,285.03235,285.15234,285.19235,285.24234,285.15234,284.95233,284.69235,284.44235,284.36234,284.42233,284.55234,284.70233,284.84235,284.88235,284.85236,284.91235,285.19235,285.73233,286.06235,286.76233,286.96234,286.38235,285.36234,285.22235,285.64233,286.06235,286.05234,285.30234,284.55234,284.26233,284.30234,284.47235,284.53235,284.39233,284.26233,284.15234,284.03235,283.87234,283.73233,283.68234,283.67233,283.59235,283.35236,282.74234,281.96234,281.27234,280.93234,281.14233,281.14233,280.94235,280.99234,281.47235,282.31235,282.19235,281.66235,281.32236
284.81235,284.82236,284.84235,284.91235,284.96234,284.98233,285.03235,285.14233,285.16235,285.06235,284.84235,284.54236,284.27234,284.15234,284.20233,284.37234,284.58234,284.79236,284.88235,285.00235,285.27234,285.75235,285.84235,286.41235,286.69235,286.27234,285.10236,284.59235,284.86234,285.42233,285.69235,285.04236,284.38235,284.39233,284.46234,284.36234,284.24234,284.14233,283.99234,283.82236,283.69235,283.63235,283.56235,283.54236,283.54236,283.58234,283.63235,283.66235,283.62234,283.48233,283.31235,283.30234,283.39233,283.33234,283.28235,283.33234,283.51233,283.35236,283.15234,282.85236
284.86234,284.86234,284.81235,284.78235,284.78235,284.80234,284.82236,284.96234,285.01233,284.97235,284.83234,284.62234,284.33234,284.13235,284.06235,284.17233,284.47235,284.62234,284.70233,284.87234,285.21234,285.77234,285.97235,286.55234,286.94235,286.81235,286.06235,285.45233,285.29236,285.35236,285.31235,284.73233,284.57236,284.18234,283.97235,284.01233,284.01233,283.91235,283.83234,283.68234,283.50235,283.41235,283.37234,283.38235,283.43234,283.49234,283.53235,283.52234,283.51233,283.52234,283.54236,283.51233,283.55234,283.53235,283.51233,283.50235,283.52234,283.40234,283.28235,283.26233
285.53235,284.85236,284.87234,284.78235,284.69235,284.64233,284.62234,284.75235,284.83234,284.84235,284.78235,284.65234,284.43234,284.20233,284.05234,284.08234,284.36234,284.52234,284.61234,284.78235,285.12234,285.75235,286.58234,287.16235,287.34235,287.07236,286.42233,285.74234,285.37234,285.26233,285.17233,284.71234,284.55234,284.08234,283.82236,283.86234,283.81235,283.65234,283.61234,283.53235,283.39233,283.29236,283.18234,283.15234,283.19235,283.25235,283.31235,283.31235,283.30234,283.31235,283.33234,283.26233,283.20233,283.16235,283.13235,283.11234,283.12234,283.09235,282.94235,283.05234
286.82236,285.59235,284.99234,284.77234,284.59235,284.38235,284.41235,284.53235,284.63235,284.70233,284.69235,284.62234,284.46234,284.30234,284.16235,284.11234,284.28235,284.38235,284.47235,284.62234,284.92233,285.49234,286.70233,287.39233,287.31235,286.66235,286.00235,285.33234,284.93234,284.85236,284.90234,284.59235,284.36234,283.86234,283.62234,283.68234,283.61234,283.43234,283.42233,283.39233,283.29236,283.23233,283.07236,282.99234,282.97235,282.98233,283.00235,282.99234,282.94235,282.89233,282.84235,282.75235,282.65234,282.57236,282.52234,282.49234,282.51233,282.61234,282.50235,282.64233
288.16235,286.99234,285.71234,285.39233,285.14233,284.70233,284.41235,284.37234,284.47235,284.57236,284.60236,284.58234,284.43234,284.36234,284.30234,284.23233,284.25235,284.21234,284.22235,284.34235,284.64233,285.13235,286.22235,286.95233,286.74234,285.79236,285.12234,284.58234,284.28235,284.26233,284.35236,284.12234,283.86234,283.55234,283.40234,283.42233,283.36234,283.24234,283.25235,283.24234,283.18234,283.17233,283.01233,282.90234,282.82236,282.74234,282.66235,282.59235,282.49234,282.37234,282.25235,282.16235,282.05234,281.96234,281.89233,281.84235,281.83234,282.05234,282.09235,282.24234
288.37234,288.16235,288.09235,287.95233,287.72235,287.03235,285.10236,284.41235,284.40234,284.51233,284.53235,284.61234,284.42233,284.30234,284.28235,284.32236,284.34235,284.15234,283.91235,283.99234,284.44235,285.08234,285.83234,286.19235,285.98233,285.33234,284.61234,284.31235,284.21234,284.03235,283.66235,283.08234,282.72235,283.33234,283.60236,283.23233,282.97235,282.97235,283.03235,283.07236,283.06235,283.05234,282.86234,282.73233,282.64233,282.53235,282.41235,282.26233,282.10236,281.92233,281.73233,281.58234,281.44235,281.35236,281.30234,281.27234,281.19235,281.41235,281.58234,281.83234
288.45233,288.41235,288.36234,288.18234,287.92233,287.10236,284.72235,283.88235,283.96234,284.22235,284.35236,284.45233,284.02234,283.78235,283.74234,283.89233,284.13235,284.30234,284.39233,284.45233,284.61234,285.06235,285.80234,286.23233,286.10236,285.39233,284.32236,284.32236,284.04236,283.57236,283.06235,282.70233,282.70233,282.70233,282.81235,282.93234,282.72235,282.72235,282.81235,282.87234,282.87234,282.87234,282.67233,282.51233,282.37234,282.23233,282.08234,281.87234,281.67233,281.45233,281.24234,281.10236,281.00235,280.94235,280.92233,280.93234,280.92233,281.08234,281.22235,281.44235
288.54236,287.82236,286.31235,285.86234,285.65234,285.15234,284.13235,283.72235,283.73233,283.87234,283.98233,283.95233,283.42233,283.04236,282.93234,283.10236,283.49234,283.92233,284.37234,283.65234,282.16235,281.84235,283.73233,285.41235,285.90234,285.21234,284.40234,284.34235,283.82236,283.17233,282.72235,282.80234,283.43234,283.07236,282.68234,282.57236,282.37234,282.47235,282.61234,282.68234,282.65234,282.62234,282.46234,282.29236,282.11234,281.94235,281.77234,281.54236,281.33234,281.10236,280.88235,280.73233,280.64233,280.59235,280.58234,280.60236,280.63235,280.75235,280.90234,281.07236
286.80234,286.11234,284.60236,284.22235,284.09235,283.90234,283.85236,283.73233,283.63235,283.60236,283.58234,283.40234,282.92233,282.52234,282.37234,282.61234,283.32236,284.36234,284.87234,284.13235,282.64233,282.21234,283.71234,285.06235,285.39233,284.79236,284.23233,284.11234,283.57236,283.09235,282.94235,283.18234,283.43234,282.98233,282.45233,282.15234,282.09235,282.27234,282.43234,282.49234,282.44235,282.37234,282.24234,282.06235,281.86234,281.68234,281.49234,281.27234,281.06235,280.84235,280.63235,280.47235,280.37234,280.32236,280.31235,280.33234,280.36234,280.47235,280.61234,280.76233
283.96234,284.05234,284.04236,284.03235,284.00235,283.94235,283.91235,283.77234,283.60236,283.44235,283.28235,283.02234,282.63235,282.31235,282.34235,282.91235,284.08234,285.40234,285.63235,285.57236,285.58234,285.63235,285.49234,285.16235,284.72235,284.22235,283.80234,283.64233,283.26233,283.11234,283.26233,283.36234,282.72235,282.28235,281.95233,281.77234,281.92233,282.12234,282.23233,282.27234,282.23233,282.14233,282.00235,281.81235,281.62234,281.44235,281.26233,281.07236,280.86234,280.66235,280.48233,280.32236,280.22235,280.16235,280.13235,280.12234,280.14233,280.22235,280.34235,280.48233
283.14233,283.38235,283.64233,283.76233,283.83234,283.89233,283.92233,283.79236,283.58234,283.36234,283.17233,283.01233,282.50235,282.21234,282.86234,284.32236,285.71234,285.38235,285.20233,285.07236,284.94235,284.83234,284.74234,284.49234,284.08234,283.69235,283.66235,283.13235,282.82236,282.62234,282.53235,282.61234,282.72235,282.00235,281.51233,281.59235,281.81235,281.93234,281.97235,281.98233,281.95233,281.86234,281.72235,281.55234,281.38235,281.22235,281.07236,280.91235,280.73233,280.56235,280.40234,280.27234,280.17233,280.08234,280.00235,279.94235,279.93234,279.97235,280.07236,280.20233
282.74234,282.76233,282.96234,283.19235,283.43234,283.61234,283.52234,283.32236,283.12234,282.97235,282.90234,282.94235,282.71234,282.50235,281.99234,281.53235,282.10236,284.66235,285.25235,285.02234,284.62234,284.25235,283.97235,283.64233,283.19235,282.68234,282.29236,282.28235,282.46234,282.58234,282.50235,282.29236,282.06235,281.53235,281.33234,281.52234,281.61234,281.67233,281.70233,281.71234,281.67233,281.57236,281.47235,281.33234,281.18234,281.02234,280.87234,280.72235,280.57236,280.43234,280.30234,280.16235,280.07236,279.99234,279.92233,279.86234,279.80234,279.83234,279.90234,280.01233
282.45233,283.14233,284.87234,283.80234,283.05234,283.37234,283.14233,282.82236,282.63235,282.58234,282.65234,282.84235,282.70233,282.50235,281.71234,280.79236,281.12234,284.28235,285.05234,284.82236,284.37234,283.83234,283.46234,283.14233,282.81235,282.56235,282.58234,282.83234,282.55234,282.25235,282.14233,282.10236,281.70233,281.40234,281.36234,281.49234,281.48233,281.47235,281.47235,281.45233,281.41235,281.35236,281.27234,281.14233,281.00235,280.86234,280.73233,280.59235,280.46234,280.33234,280.21234,280.11234,280.01233,279.92233,279.85236,279.79236,279.75235,279.75235,279.81235,279.92233
282.36234,282.96234,284.88235,285.12234,284.12234,282.75235,282.31235,282.16235,282.12234,282.23233,282.47235,282.74234,282.61234,282.04236,281.12234,280.28235,280.33234,282.31235,283.87234,284.44235,284.08234,283.54236,283.12234,282.88235,282.79236,282.78235,282.80234,282.90234,282.38235,281.88235,281.68234,281.65234,281.35236,281.31235,281.36234,281.38235,281.35236,281.32236,281.28235,281.23233,281.18234,281.15234,281.08234,280.97235,280.83234,280.71234,280.59235,280.49234,280.38235,280.26233,280.14233,280.05234,279.95233,279.86234,279.79236,279.75235,279.73233,279.72235,279.77234,279.87234
282.49234,282.65234,283.91235,286.77234,286.44235,283.26233,282.76233,282.28235,281.78235,281.67233,281.95233,282.19235,282.12234,281.26233,280.33234,279.68234,279.34235,279.72235,282.38235,284.01233,283.82236,283.53235,283.09235,282.91235,283.03235,283.13235,282.56235,282.22235,281.79236,281.38235,281.07236,280.89233,280.90234,281.08234,281.20233,281.20233,281.19235,281.16235,281.10236,281.04236,280.98233,280.97235,280.89233,280.79236,280.68234,280.56235,280.45233,280.38235,280.29236,280.19235,280.07236,279.98233,279.89233,279.82236,279.76233,279.72235,279.70233,279.70233,279.73233,279.81235
282.86234,284.25235,287.49234,288.39233,288.29236,288.02234,287.94235,284.99234,282.00235,280.46234,280.41235,280.44235,280.59235,280.57236,280.37234,280.03235,279.65234,280.03235,282.42233,283.85236,283.79236,284.13235,283.68234,283.35236,283.46234,283.61234,282.71234,281.95233,281.07236,280.40234,280.09235,280.13235,280.35236,280.66235,280.89233,280.97235,280.98233,280.94235,280.89233,280.85236,280.82236,280.78235,280.66235,280.59235,280.51233,280.42233,280.34235,280.26233,280.18234,280.08234,279.99234,279.91235,279.85236,279.81235,279.77234,279.73233,279.69235,279.66235,279.65234,279.69235
282.28235,282.48233,283.74234,286.41235,287.85236,287.63235,287.53235,286.92233,286.26233,285.49234,284.02234,280.73233,280.85236,282.32236,283.59235,283.97235,283.60236,283.63235,284.14233,284.37234,284.22235,284.26233,283.34235,282.62234,282.67233,283.47235,284.34235,282.68234,281.47235,280.70233,280.29236,280.08234,279.97235,280.07236,280.27234,280.48233,280.61234,280.65234,280.67233,280.69235,280.71234,280.66235,280.57236,280.48233,280.37234,280.26233,280.18234,280.12234,280.03235,279.96234,279.91235,279.83234,279.77234,279.72235,279.68234,279.65234,279.61234,279.56235,279.53235,279.55234
281.72235,281.68234,282.01233,283.19235,284.68234,286.03235,286.89233,286.75235,286.76233,286.62234,285.92233,284.14233,284.01233,284.57236,285.04236,285.10236,284.95233,284.98233,285.03235,284.97235,284.75235,284.40234,282.79236,281.63235,281.56235,282.61234,284.23233,283.85236,282.83234,281.74234,280.93234,280.48233,280.30234,280.14233,280.06235,280.09235,280.23233,280.34235,280.43234,280.50235,280.55234,280.48233,280.36234,280.27234,280.20233,280.12234,280.03235,279.94235,279.85236,279.78235,279.73233,279.67233,279.61234,279.58234,279.53235,279.47235,279.42233,279.37234,279.31235,279.29236
281.31235,281.25235,281.26233,281.41235,282.86234,285.27234,286.76233,286.48233,286.38235,286.40234,286.40234,286.16235,285.95233,285.80234,285.62234,285.46234,285.52234,285.39233,285.12234,284.70233,284.13235,283.38235,281.84235,280.45233,279.87234,280.27234,281.40234,282.06235,282.26233,282.26233,282.10236,281.62234,281.02234,280.64233,280.30234,279.99234,279.97235,280.07236,280.19235,280.31235,280.38235,280.34235,280.19235,280.10236,280.04236,279.99234,279.90234,279.80234,279.69235,279.58234,279.50235,279.45233,279.42233,279.39233,279.33234,279.25235,279.17233,279.10236,279.03235,279.01233
281.57236,281.00235,280.96234,281.32236,283.04236,285.65234,287.23233,286.83234,286.36234,286.08234,286.00235,285.86234,285.79236,285.76233,285.70233,285.64233,285.74234,285.52234,284.96234,284.12234,283.10236,282.02234,281.09235,279.56235,278.19235,277.40234,277.30234,277.78235,279.38235,281.18234,282.44235,282.59235,281.96234,281.70233,281.11234,280.24234,279.91235,279.93234,280.03235,280.15234,280.22235,280.24234,280.10236,279.99234,279.92233,279.86234,279.79236,279.71234,279.57236,279.42233,279.29236,279.22235,279.23233,279.18234,279.10236,278.99234,278.89233,278.80234,278.74234,278.73233
283.33234,281.24234,281.03235,281.24234,283.03235,285.96234,287.86234,287.46234,286.66235,285.96234,285.55234,285.35236,285.32236,285.31235,285.23233,285.06235,284.88235,285.47235,285.55234,285.02234,284.01233,282.83234,281.71234,279.78235,277.85236,276.37234,275.42233,274.81235,275.94235,277.69235,279.52234,281.43234,282.97235,283.64233,282.70233,280.82236,280.12234,280.02234,280.04236,280.10236,280.13235,280.16235,280.00235,279.89233,279.81235,279.75235,279.67233,279.58234,279.46234,279.32236,279.19235,279.10236,279.08234,278.99234,278.85236,278.72235,278.58234,278.49234,278.47235,278.49234
