src/data/gfs/20180331-japan-2m-above-ground-temp/output.json
{"header": {"discipline":0,"disciplineName":"Meteorological products","gribEdition":2,"gribLength":14305,"center":7,"centerName":"US National Weather Service - NCEP(WMC)","subcenter":0,"refTime":"2018-03-31T00:00:00.000Z","significanceOfRT":1,"significanceOfRTName":"Start of forecast","productStatus":0,"productStatusName":"Operational products","productType":1,"productTypeName":"Forecast products","productDefinitionTemplate":0,"productDefinitionTemplateName":"Analysis/forecast at horizontal level/layer at a point in time","parameterCategory":0,"parameterCategoryName":"Temperature","parameterNumber":0,"parameterNumberName":"Temperature","parameterUnit":"K","genProcessType":2,"genProcessTypeName":"Forecast","forecastTime":384,"surface1Type":103,"surface1TypeName":"Specified height level above ground","surface1Value":2,"surface2Type":255,"surface2TypeName":"Missing","surface2Value":0,"gridDefinitionTemplate":0,"gridDefinitionTemplateName":"Latitude_Longitude","numberPoints":9417,"shape":6,"shapeName":"Earth spherical with radius of 6,371,229.0 m","gridUnits":"degrees","resolution":48,"winds":"true","scanMode":64,"nx":129,"ny":73,"basicAngle":0,"lo1":121,"la1":28,"lo2":153,"la2":46,"dx":0.25,"dy":0.25}, "data":
[rows 0 to 25 of 73, columns 0 to 59 of 129]
289.45233,289.49234,289.72235,289.89233,290.01233,290.10236,290.17233,290.14233,290.09235,290.05234,290.05234,290.09235,290.17233,290.25235,290.32236,290.40234,290.51233,290.53235,290.52234,290.56235,290.65234,290.77234,290.84235,290.91235,290.97235,291.03235,291.09235,291.12234,291.14233,291.13235,291.09235,290.99234,290.98233,291.03235,291.09235,291.13235,291.15234,291.13235,291.14233,291.18234,291.26233,291.32236,291.43234,291.54236,291.67233,291.80234,291.92233,292.01233,292.09235,292.16235,292.21234,292.26233,292.29236,292.32236,292.33234,292.33234,292.34235,292.35236,292.37234,292.38235
288.78235,289.21234,289.40234,289.49234,289.60236,289.75235,289.90234,289.90234,289.86234,289.83234,289.82236,289.83234,289.93234,290.00235,290.07236,290.16235,290.22235,290.27234,290.31235,290.35236,290.39233,290.48233,290.59235,290.66235,290.71234,290.78235,290.88235,290.95233,291.01233,291.06235,291.07236,291.01233,290.95233,290.96234,291.00235,291.04236,291.06235,291.09235,291.13235,291.20233,291.29236,291.37234,291.49234,291.62234,291.74234,291.85236,291.97235,292.05234,292.12234,292.17233,292.20233,292.21234,292.21234,292.22235,292.22235,292.24234,292.26233,292.29236,292.33234,292.36234
288.33234,288.82236,288.98233,289.10236,289.26233,289.47235,289.67233,289.68234,289.65234,289.62234,289.62234,289.65234,289.73233,289.79236,289.86234,289.94235,290.01233,290.08234,290.13235,290.17233,290.21234,290.26233,290.33234,290.43234,290.51233,290.58234,290.67233,290.77234,290.87234,290.96234,291.02234,291.05234,291.03235,291.02234,291.02234,291.03235,291.03235,291.07236,291.16235,291.25235,291.32236,291.41235,291.50235,291.59235,291.67233,291.74234,291.81235,291.86234,291.90234,291.92233,291.94235,291.94235,291.96234,291.98233,292.02234,292.06235,292.14233,292.17233,292.22235,292.28235
288.19235,288.93234,288.91235,288.86234,288.92233,289.11234,289.28235,289.39233,289.41235,289.40234,289.41235,289.45233,289.51233,289.58234,289.65234,289.72235,289.79236,289.86234,289.92233,289.97235,290.01233,290.05234,290.09235,290.16235,290.26233,290.37234,290.46234,290.60236,290.73233,290.85236,290.93234,290.94235,290.96234,290.99234,291.01233,291.01233,291.00235,291.04236,291.14233,291.23233,291.30234,291.39233,291.44235,291.44235,291.42233,291.42233,291.43234,291.45233,291.47235,291.51233,291.56235,291.59235,291.60236,291.66235,291.77234,291.89233,291.99234,292.06235,292.15234,292.24234
287.93234,288.80234,288.72235,288.59235,288.59235,288.74234,288.86234,289.02234,289.10236,289.14233,289.18234,289.23233,289.28235,289.36234,289.44235,289.49234,289.56235,289.63235,289.69235,289.75235,289.79236,289.83234,289.86234,289.90234,290.01233,290.16235,290.27234,290.43234,290.59235,290.73233,290.83234,290.86234,290.88235,290.91235,290.92233,290.93234,290.94235,291.00235,291.08234,291.15234,291.22235,291.31235,291.32236,291.24234,291.14233,291.07236,291.03235,291.02234,291.04236,291.08234,291.14233,291.21234,291.26233,291.37234,291.54236,291.73233,291.86234,292.00235,292.12234,292.22235
287.63235,288.33234,288.42233,288.35236,288.32236,288.38235,288.46234,288.61234,288.74234,288.84235,288.92233,289.00235,289.06235,289.13235,289.21234,289.27234,289.33234,289.40234,289.46234,289.51233,289.55234,289.59235,289.61234,289.66235,289.77234,289.94235,290.07236,290.25235,290.44235,290.61234,290.76233,290.86234,290.84235,290.80234,290.78235,290.78235,290.82236,290.92233,290.96234,291.01233,291.08234,291.16235,291.16235,291.05234,290.92233,290.81235,290.74234,290.71234,290.71234,290.74234,290.79236,290.87234,291.00235,291.17233,291.37234,291.58234,291.79236,291.97235,292.11234,292.22235
288.02234,288.30234,288.70233,288.58234,288.22235,287.94235,288.07236,288.23233,288.37234,288.51233,288.65234,288.74234,288.84235,288.91235,288.98233,289.06235,289.13235,289.19235,289.23233,289.27234,289.30234,289.33234,289.36234,289.41235,289.53235,289.70233,289.86234,290.07236,290.28235,290.48233,290.63235,290.73233,290.71234,290.68234,290.64233,290.61234,290.62234,290.70233,290.75235,290.80234,290.88235,290.97235,291.00235,290.89233,290.75235,290.64233,290.57236,290.53235,290.50235,290.51233,290.56235,290.66235,290.81235,291.02234,291.26233,291.51233,291.74234,291.94235,292.08234,292.18234
288.20233,288.50235,288.78235,288.53235,288.05234,287.64233,287.64233,287.79236,287.96234,288.14233,288.32236,288.43234,288.55234,288.63235,288.73233,288.83234,288.91235,288.95233,288.99234,289.01233,289.03235,289.05234,289.07236,289.11234,289.20233,289.38235,289.64233,289.87234,290.09235,290.28235,290.44235,290.55234,290.53235,290.47235,290.41235,290.36234,290.36234,290.43234,290.47235,290.52234,290.62234,290.74234,290.80234,290.75235,290.64233,290.53235,290.42233,290.34235,290.29236,290.29236,290.33234,290.44235,290.65234,290.89233,291.16235,291.42233,291.67233,291.84235,291.97235,292.05234
288.54236,288.65234,288.37234,287.91235,287.47235,287.21234,287.16235,287.33234,287.53235,287.77234,288.01233,288.14233,288.26233,288.36234,288.46234,288.57236,288.67233,288.72235,288.76233,288.78235,288.79236,288.80234,288.81235,288.86234,288.96234,289.15234,289.44235,289.68234,289.90234,290.09235,290.21234,290.27234,290.24234,290.20233,290.15234,290.12234,290.12234,290.17233,290.15234,290.20233,290.34235,290.49234,290.58234,290.55234,290.46234,290.35236,290.23233,290.12234,290.05234,290.04236,290.10236,290.25235,290.52234,290.81235,291.09235,291.34235,291.53235,291.66235,291.76233,291.82236
288.22235,288.10236,287.67233,287.26233,286.98233,286.86234,286.83234,287.02234,287.23233,287.49234,287.75235,287.88235,288.00235,288.10236,288.20233,288.32236,288.43234,288.50235,288.54236,288.56235,288.56235,288.56235,288.59235,288.65234,288.79236,289.00235,289.30234,289.54236,289.75235,289.89233,289.96234,289.96234,289.93234,289.90234,289.87234,289.83234,289.82236,289.84235,289.76233,289.79236,289.97235,290.17233,290.32236,290.31235,290.24234,290.12234,289.99234,289.87234,289.79236,289.78235,289.86234,290.07236,290.38235,290.68234,290.95233,291.19235,291.33234,291.43234,291.47235,291.50235
287.54236,287.32236,287.12234,286.95233,286.80234,286.70233,286.67233,286.87234,287.08234,287.30234,287.52234,287.65234,287.76233,287.86234,287.96234,288.06235,288.18234,288.26233,288.31235,288.33234,288.33234,288.34235,288.38235,288.48233,288.65234,288.89233,289.19235,289.42233,289.60236,289.69235,289.69235,289.65234,289.61234,289.59235,289.54236,289.49234,289.45233,289.43234,289.33234,289.35236,289.53235,289.78235,289.98233,290.02234,289.96234,289.86234,289.72235,289.60236,289.53235,289.55234,289.67233,289.90234,290.21234,290.49234,290.74234,290.95233,291.08234,291.14233,291.13235,291.13235
288.20233,288.25235,287.52234,287.13235,286.88235,286.69235,286.56235,286.67233,286.87234,287.07236,287.25235,287.40234,287.50235,287.59235,287.68234,287.79236,287.89233,287.98233,288.04236,288.07236,288.08234,288.08234,288.16235,288.31235,288.52234,288.77234,289.03235,289.24234,289.37234,289.43234,289.41235,289.34235,289.27234,289.22235,289.17233,289.12234,289.05234,289.01233,288.99234,289.02234,289.13235,289.34235,289.54236,289.62234,289.63235,289.58234,289.45233,289.35236,289.32236,289.40234,289.59235,289.84235,290.09235,290.33234,290.52234,290.65234,290.71234,290.73233,290.72235,290.74234
288.89233,289.11234,288.91235,288.08234,287.26233,286.79236,286.67233,286.64233,286.70233,286.82236,286.96234,287.09235,287.21234,287.30234,287.39233,287.49234,287.60236,287.69235,287.72235,287.74234,287.76233,287.80234,287.93234,288.13235,288.38235,288.66235,288.92233,289.09235,289.18234,289.19235,289.14233,289.04236,288.95233,288.88235,288.82236,288.76233,288.63235,288.43234,288.28235,288.26233,288.44235,288.82236,289.18234,289.30234,289.30234,289.26233,289.18234,289.13235,289.14233,289.26233,289.46234,289.71234,289.93234,290.13235,290.27234,290.35236,290.37234,290.31235,290.31235,290.37234
289.23233,289.46234,288.39233,287.53235,287.01233,286.79236,286.68234,286.56235,286.53235,286.58234,286.68234,286.79236,286.87234,286.97235,287.08234,287.18234,287.30234,287.38235,287.41235,287.43234,287.45233,287.51233,287.68234,287.93234,288.22235,288.51233,288.76233,288.91235,288.96234,288.94235,288.85236,288.73233,288.64233,288.55234,288.49234,288.44235,288.30234,288.01233,287.73233,287.66235,287.86234,288.32236,288.74234,289.00235,289.04236,288.92233,288.90234,288.92233,288.99234,289.14233,289.36234,289.60236,289.80234,289.95233,290.05234,290.09235,290.08234,289.99234,290.00235,290.08234
288.99234,289.16235,288.00235,287.18234,286.74234,286.59235,286.51233,286.37234,286.31235,286.31235,286.35236,286.44235,286.51233,286.61234,286.73233,286.84235,286.97235,287.05234,287.09235,287.12234,287.15234,287.23233,287.43234,287.73233,288.05234,288.34235,288.57236,288.69235,288.72235,288.66235,288.55234,288.42233,288.32236,288.23233,288.18234,288.13235,287.96234,287.60236,287.21234,287.06235,287.30234,287.89233,288.38235,288.74234,288.76233,288.58234,288.60236,288.66235,288.81235,289.01233,289.23233,289.45233,289.63235,289.77234,289.84235,289.85236,289.81235,289.74234,289.75235,289.83234
288.35236,288.42233,288.29236,287.43234,286.62234,286.23233,286.18234,286.11234,286.08234,286.06235,286.04236,286.08234,286.17233,286.25235,286.36234,286.49234,286.63235,286.72235,286.77234,286.81235,286.86234,286.96234,287.20233,287.53235,287.86234,288.16235,288.38235,288.46234,288.46234,288.38235,288.25235,288.10236,288.00235,287.92233,287.88235,287.82236,287.58234,287.18234,286.63235,286.38235,286.63235,287.47235,288.19235,288.52234,288.44235,288.21234,288.26233,288.36234,288.58234,288.82236,289.04236,289.24234,289.41235,289.54236,289.63235,289.63235,289.53235,289.50235,289.51233,289.58234
287.90234,287.90234,287.88235,287.07236,286.26233,285.85236,285.82236,285.86234,285.94235,285.96234,285.92233,285.87234,285.92233,285.95233,286.02234,286.15234,286.30234,286.41235,286.47235,286.52234,286.59235,286.72235,286.99234,287.33234,287.67233,287.96234,288.17233,288.23233,288.21234,288.11234,287.96234,287.78235,287.69235,287.61234,287.53235,287.44235,287.22235,286.81235,286.09235,285.58234,285.72235,286.84235,288.16235,288.36234,288.07236,287.79236,287.89233,288.06235,288.29236,288.54236,288.77234,288.97235,289.16235,289.29236,289.37234,289.37234,289.25235,289.20233,289.21234,289.30234
287.50235,287.49234,286.64233,286.09235,285.78235,285.66235,285.69235,285.84235,285.95233,286.00235,285.96234,285.85236,285.81235,285.78235,285.79236,285.86234,286.01233,286.15234,286.24234,286.32236,286.42233,286.55234,286.81235,287.17233,287.51233,287.79236,287.99234,288.06235,288.00235,287.85236,287.66235,287.50235,287.38235,287.29236,287.27234,287.29236,287.24234,286.78235,285.88235,284.95233,284.47235,285.01233,286.69235,287.61234,287.75235,287.44235,287.38235,287.64233,287.88235,288.09235,288.28235,288.49234,288.70233,288.88235,288.99234,289.00235,288.88235,288.81235,288.84235,288.95233
286.52234,286.21234,285.82236,285.65234,285.59235,285.56235,285.54236,285.77234,285.94235,285.98233,285.91235,285.79236,285.71234,285.64233,285.61234,285.63235,285.70233,285.88235,286.01233,286.13235,286.24234,286.38235,286.61234,286.92233,287.23233,287.49234,287.71234,287.78235,287.73233,287.62234,287.45233,287.24234,287.10236,287.05234,287.02234,286.95233,286.75235,286.80234,286.17233,284.98233,283.83234,283.81235,285.39233,286.66235,287.18234,287.08234,286.98233,287.25235,287.49234,287.69235,287.85236,287.99234,288.16235,288.35236,288.51233,288.56235,288.45233,288.40234,288.45233,288.58234
285.91235,285.42233,285.50235,285.52234,285.49234,285.44235,285.39233,285.72235,285.92233,285.95233,285.84235,285.70233,285.61234,285.53235,285.48233,285.46234,285.46234,285.66235,285.81235,285.94235,286.07236,286.20233,286.39233,286.63235,286.90234,287.15234,287.36234,287.44235,287.42233,287.34235,287.19235,286.96234,286.79236,286.75235,286.67233,286.48233,286.25235,286.54236,286.30234,285.15234,283.62234,283.14233,284.47235,285.82236,286.54236,286.54236,286.38235,286.79236,286.99234,287.15234,287.32236,287.44235,287.58234,287.80234,288.00235,288.08234,287.96234,287.98233,288.07236,288.24234
285.81235,285.47235,285.56235,285.50235,285.41235,285.32236,285.28235,285.67233,285.87234,285.89233,285.78235,285.62234,285.52234,285.45233,285.38235,285.32236,285.31235,285.50235,285.64233,285.76233,285.88235,286.00235,286.16235,286.35236,286.57236,286.80234,287.00235,287.09235,287.08234,287.01233,286.88235,286.66235,286.48233,286.39233,286.24234,286.05234,285.99234,286.09235,286.03235,285.10236,283.62234,282.91235,283.98233,285.22235,285.89233,285.86234,285.58234,285.97235,286.18234,286.42233,286.74234,286.93234,287.07236,287.30234,287.53235,287.64233,287.49234,287.56235,287.69235,287.91235
285.39233,285.51233,285.56235,285.49234,285.37234,285.28235,285.24234,285.55234,285.75235,285.80234,285.71234,285.56235,285.45233,285.36234,285.28235,285.22235,285.23233,285.39233,285.50235,285.59235,285.66235,285.74234,285.88235,286.06235,286.26233,286.47235,286.66235,286.76233,286.79236,286.75235,286.65234,286.47235,286.29236,286.14233,285.97235,285.85236,285.95233,286.08234,285.62234,284.63235,283.52234,283.11234,283.84235,284.68234,285.25235,285.34235,284.92233,284.26233,284.84235,285.74234,286.41235,286.67233,286.72235,286.90234,287.19235,287.41235,287.23233,287.18234,287.23233,287.51233
285.31235,285.48233,285.46234,285.31235,285.18234,285.11234,285.06235,285.35236,285.58234,285.66235,285.59235,285.45233,285.36234,285.27234,285.17233,285.10236,285.11234,285.29236,285.37234,285.41235,285.45233,285.48233,285.55234,285.70233,285.90234,286.12234,286.32236,286.43234,286.47235,286.46234,286.42233,286.31235,286.14233,286.00235,285.87234,285.69235,285.38235,285.59235,285.23233,284.67233,284.28235,284.38235,284.88235,285.23233,285.29236,285.02234,284.42233,282.29236,282.14233,282.94235,283.89233,284.34235,284.55234,285.16235,286.04236,286.84235,287.08234,286.51233,286.41235,286.71234
285.25235,285.41235,285.37234,285.20233,285.08234,285.05234,285.01233,285.18234,285.42233,285.54236,285.51233,285.37234,285.23233,285.12234,285.00235,284.90234,284.82236,285.05234,285.16235,285.19235,285.19235,285.19235,285.22235,285.31235,285.46234,285.64233,285.86234,286.04236,286.13235,286.17233,286.17233,286.14233,286.03235,285.88235,285.75235,285.61234,285.37234,285.28235,285.23233,285.01233,284.70233,284.67233,284.93234,285.07236,285.14233,285.09235,284.78235,282.85236,281.64233,281.28235,281.46234,281.39233,281.66235,283.01233,284.83234,286.32236,286.41235,285.42233,284.79236,284.93234
285.18234,285.33234,285.32236,285.20233,285.09235,285.05234,285.06235,285.12234,285.30234,285.42233,285.40234,285.29236,285.15234,285.02234,284.88235,284.73233,284.55234,284.85236,284.95233,284.97235,284.96234,284.95233,284.98233,285.04236,285.12234,285.23233,285.37234,285.55234,285.68234,285.77234,285.83234,285.87234,285.84235,285.73233,285.61234,285.49234,285.39233,285.17233,285.17233,285.06235,284.80234,284.58234,284.38235,284.24234,284.41235,284.83234,285.11234,284.03235,282.76233,281.97235,281.71234,281.46234,281.73233,282.96234,284.59235,285.85236,285.77234,284.55234,283.20233,282.86234
285.11234,285.25235,285.30234,285.25235,285.16235,285.10236,285.15234,285.15234,285.22235,285.27234,285.25235,285.18234,285.10236,285.01233,284.88235,284.70233,284.45233,284.73233,284.78235,284.78235,284.81235,284.89233,285.06235,285.02234,284.97235,284.99234,285.00235,285.08234,285.18234,285.29236,285.39233,285.48233,285.53235,285.51233,285.44235,285.34235,285.24234,285.16235,284.93234,284.76233,284.64233,284.34235,283.58234,282.92233,282.93234,283.66235,284.57236,284.43234,284.16235,284.06235,284.19235,284.36234,284.52234,284.86234,285.27234,285.55234,285.44235,284.34235,282.64233,281.75235
