src/data/gfs/20180331-japan-2m-above-ground-temp/output.json
{"header": {"discipline":0,"disciplineName":"Meteorological products","gribEdition":2,"gribLength":14305,"center":7,"centerName":"US National Weather Service - NCEP(WMC)","subcenter":0,"refTime":"2018-03-31T00:00:00.000Z","significanceOfRT":1,"significanceOfRTName":"Start of forecast","productStatus":0,"productStatusName":"Operational products","productType":1,"productTypeName":"Forecast products","productDefinitionTemplate":0,"productDefinitionTemplateName":"Analysis/forecast at horizontal level/layer at a point in time","parameterCategory":0,"parameterCategoryName":"Temperature","parameterNumber":0,"parameterNumberName":"Temperature","parameterUnit":"K","genProcessType":2,"genProcessTypeName":"Forecast","forecastTime":384,"surface1Type":103,"surface1TypeName":"Specified height level above ground","surface1Value":2,"surface2Type":255,"surface2TypeName":"Missing","surface2Value":0,"gridDefinitionTemplate":0,"gridDefinitionTemplateName":"Latitude_Longitude","numberPoints":9417,"shape":6,"shapeName":"Earth spherical with radius of 6,371,229.0 m","gridUnits":"degrees","resolution":48,"winds":"true","scanMode":64,"nx":129,"ny":73,"basicAngle":0,"lo1":121,"la1":28,"lo2":153,"la2":46,"dx":0.25,"dy":0.25}, "data":
[rows 0 to 25 of 73, columns 60 to 119 of 129]
292.38235,292.37234,292.35236,292.28235,292.22235,292.17233,292.16235,292.13235,292.16235,292.22235,292.29236,292.40234,292.45233,292.51233,292.57236,292.62234,292.66235,292.71234,292.75235,292.80234,292.88235,292.98233,293.09235,293.19235,293.29236,293.41235,293.55234,293.72235,293.91235,294.11234,294.30234,294.45233,294.51233,294.56235,294.61234,294.66235,294.69235,294.74234,294.86234,295.03235,295.21234,295.39233,295.46234,295.48233,295.46234,295.38235,295.23233,295.12234,295.08234,295.07236,295.07236,295.06235,295.03235,294.98233,294.97235,294.99234,294.93234,294.86234,294.85236,294.84235
292.38235,292.40234,292.37234,292.31235,292.25235,292.20233,292.19235,292.15234,292.17233,292.22235,292.27234,292.34235,292.40234,292.45233,292.49234,292.52234,292.56235,292.59235,292.63235,292.68234,292.73233,292.79236,292.87234,292.97235,293.08234,293.22235,293.36234,293.51233,293.67233,293.86234,294.06235,294.18234,294.30234,294.40234,294.45233,294.45233,294.41235,294.43234,294.50235,294.62234,294.80234,295.03235,294.97235,295.04236,295.08234,295.05234,294.96234,294.91235,294.88235,294.88235,294.89233,294.87234,294.81235,294.75235,294.73233,294.73233,294.72235,294.60236,294.60236,294.59235
292.34235,292.40234,292.40234,292.37234,292.34235,292.30234,292.26233,292.21234,292.23233,292.26233,292.31235,292.37234,292.41235,292.44235,292.47235,292.50235,292.52234,292.53235,292.55234,292.57236,292.59235,292.63235,292.69235,292.78235,292.89233,293.02234,293.15234,293.30234,293.45233,293.59235,293.74234,293.89233,294.06235,294.20233,294.29236,294.31235,294.28235,294.26233,294.27234,294.32236,294.42233,294.56235,294.68234,294.74234,294.75235,294.73233,294.72235,294.73233,294.77234,294.80234,294.81235,294.77234,294.74234,294.69235,294.65234,294.60236,294.54236,294.49234,294.46234,294.40234
292.31235,292.37234,292.38235,292.38235,292.37234,292.34235,292.29236,292.27234,292.29236,292.33234,292.37234,292.41235,292.44235,292.46234,292.47235,292.47235,292.47235,292.48233,292.49234,292.50235,292.51233,292.52234,292.54236,292.60236,292.69235,292.81235,292.94235,293.05234,293.19235,293.32236,293.44235,293.58234,293.77234,293.94235,294.05234,294.11234,294.11234,294.06235,294.05234,294.07236,294.12234,294.20233,294.31235,294.39233,294.43234,294.45233,294.47235,294.51233,294.57236,294.61234,294.64233,294.68234,294.68234,294.61234,294.53235,294.45233,294.35236,294.32236,294.28235,294.22235
292.30234,292.35236,292.38235,292.39233,292.38235,292.35236,292.31235,292.33234,292.36234,292.39233,292.42233,292.45233,292.48233,292.48233,292.48233,292.47235,292.45233,292.45233,292.45233,292.45233,292.44235,292.44235,292.44235,292.45233,292.51233,292.60236,292.71234,292.81235,292.93234,293.06235,293.18234,293.29236,293.47235,293.65234,293.81235,293.90234,293.93234,293.88235,293.86234,293.86234,293.88235,293.92233,293.97235,294.06235,294.16235,294.22235,294.24234,294.29236,294.33234,294.38235,294.43234,294.51233,294.54236,294.49234,294.40234,294.31235,294.18234,294.13235,294.08234,294.04236
292.29236,292.34235,292.38235,292.39233,292.38235,292.35236,292.34235,292.36234,292.40234,292.43234,292.46234,292.47235,292.51233,292.51233,292.51233,292.50235,292.47235,292.46234,292.44235,292.42233,292.39233,292.37234,292.36234,292.36234,292.38235,292.42233,292.48233,292.59235,292.71234,292.82236,292.94235,293.03235,293.19235,293.38235,293.55234,293.68234,293.73233,293.73233,293.70233,293.69235,293.68234,293.69235,293.72235,293.81235,293.93234,294.02234,294.05234,294.06235,294.09235,294.14233,294.20233,294.26233,294.31235,294.32236,294.27234,294.18234,294.05234,293.98233,293.91235,293.86234
292.26233,292.29236,292.33234,292.32236,292.30234,292.30234,292.34235,292.38235,292.42233,292.46234,292.47235,292.50235,292.51233,292.53235,292.53235,292.52234,292.51233,292.48233,292.45233,292.42233,292.39233,292.35236,292.32236,292.31235,292.31235,292.33234,292.35236,292.41235,292.49234,292.59235,292.69235,292.79236,292.95233,293.10236,293.25235,293.41235,293.53235,293.54236,293.52234,293.52234,293.51233,293.48233,293.55234,293.61234,293.69235,293.78235,293.83234,293.83234,293.85236,293.88235,293.94235,294.01233,294.08234,294.16235,294.17233,294.09235,293.98233,293.86234,293.78235,293.73233
292.10236,292.13235,292.18234,292.19235,292.20233,292.22235,292.28235,292.34235,292.40234,292.44235,292.46234,292.50235,292.50235,292.50235,292.51233,292.51233,292.49234,292.45233,292.42233,292.38235,292.35236,292.30234,292.28235,292.27234,292.25235,292.23233,292.24234,292.28235,292.34235,292.40234,292.48233,292.58234,292.72235,292.86234,293.01233,293.17233,293.32236,293.36234,293.36234,293.33234,293.31235,293.27234,293.31235,293.39233,293.48233,293.56235,293.59235,293.57236,293.56235,293.58234,293.64233,293.74234,293.87234,293.99234,294.02234,293.93234,293.82236,293.73233,293.64233,293.55234
291.85236,291.90234,291.94235,291.98233,292.03235,292.10236,292.19235,292.27234,292.34235,292.39233,292.41235,292.43234,292.44235,292.45233,292.45233,292.46234,292.45233,292.41235,292.37234,292.34235,292.30234,292.26233,292.24234,292.22235,292.20233,292.17233,292.16235,292.20233,292.23233,292.26233,292.32236,292.40234,292.52234,292.66235,292.82236,292.97235,293.12234,293.17233,293.19235,293.18234,293.15234,293.10236,293.13235,293.19235,293.25235,293.30234,293.34235,293.32236,293.30234,293.30234,293.36234,293.47235,293.64233,293.77234,293.83234,293.81235,293.73233,293.60236,293.48233,293.37234
291.54236,291.59235,291.67233,291.75235,291.84235,291.96234,292.08234,292.17233,292.26233,292.31235,292.32236,292.33234,292.34235,292.35236,292.35236,292.36234,292.36234,292.34235,292.30234,292.27234,292.25235,292.21234,292.19235,292.18234,292.17233,292.15234,292.14233,292.16235,292.17233,292.18234,292.20233,292.26233,292.36234,292.50235,292.65234,292.80234,292.93234,292.99234,293.04236,293.05234,293.03235,292.97235,293.00235,293.03235,293.06235,293.10236,293.12234,293.11234,293.09235,293.08234,293.12234,293.24234,293.41235,293.55234,293.65234,293.68234,293.60236,293.47235,293.35236,293.23233
291.17233,291.25235,291.37234,291.51233,291.65234,291.79236,291.94235,292.05234,292.14233,292.19235,292.21234,292.21234,292.20233,292.20233,292.21234,292.22235,292.23233,292.23233,292.21234,292.19235,292.17233,292.14233,292.14233,292.15234,292.16235,292.16235,292.17233,292.16235,292.15234,292.13235,292.13235,292.15234,292.22235,292.35236,292.49234,292.63235,292.73233,292.82236,292.88235,292.92233,292.92233,292.89233,292.90234,292.89233,292.91235,292.94235,292.93234,292.92233,292.90234,292.89233,292.93234,293.03235,293.18234,293.33234,293.45233,293.49234,293.42233,293.33234,293.22235,293.11234
290.81235,290.93234,291.09235,291.26233,291.44235,291.62234,291.76233,291.89233,291.96234,292.00235,292.02234,292.02234,291.99234,291.99234,292.00235,292.03235,292.04236,292.08234,292.11234,292.12234,292.10236,292.09235,292.10236,292.12234,292.14233,292.17233,292.20233,292.18234,292.15234,292.12234,292.10236,292.04236,292.08234,292.16235,292.27234,292.40234,292.53235,292.63235,292.71234,292.76233,292.77234,292.75235,292.77234,292.75235,292.74234,292.73233,292.70233,292.68234,292.65234,292.65234,292.67233,292.76233,292.91235,293.06235,293.15234,293.17233,293.20233,293.15234,293.05234,292.95233
290.49234,290.64233,290.84235,291.04236,291.24234,291.41235,291.56235,291.67233,291.75235,291.79236,291.79236,291.77234,291.75235,291.75235,291.76233,291.78235,291.82236,291.88235,291.93234,291.97235,292.00235,292.03235,292.07236,292.10236,292.14233,292.17233,292.20233,292.19235,292.14233,292.08234,292.02234,291.94235,291.95233,292.00235,292.09235,292.20233,292.34235,292.46234,292.54236,292.60236,292.63235,292.59235,292.57236,292.56235,292.54236,292.53235,292.52234,292.51233,292.50235,292.48233,292.47235,292.54236,292.64233,292.76233,292.86234,292.93234,292.98233,292.95233,292.88235,292.80234
290.21234,290.39233,290.61234,290.83234,291.03235,291.20233,291.34235,291.43234,291.48233,291.51233,291.50235,291.48233,291.46234,291.45233,291.47235,291.49234,291.53235,291.61234,291.69235,291.76233,291.83234,291.90234,291.96234,292.02234,292.08234,292.14233,292.19235,292.20233,292.15234,292.07236,291.98233,291.90234,291.87234,291.88235,291.94235,292.04236,292.17233,292.29236,292.38235,292.42233,292.44235,292.43234,292.42233,292.41235,292.41235,292.39233,292.37234,292.37234,292.37234,292.36234,292.34235,292.34235,292.41235,292.51233,292.61234,292.67233,292.71234,292.74234,292.74234,292.71234
289.96234,290.15234,290.37234,290.59235,290.78235,290.95233,291.07236,291.14233,291.17233,291.18234,291.17233,291.14233,291.12234,291.12234,291.14233,291.18234,291.22235,291.31235,291.41235,291.50235,291.59235,291.69235,291.79236,291.89233,291.98233,292.07236,292.16235,292.18234,292.15234,292.09235,291.99234,291.88235,291.82236,291.80234,291.83234,291.91235,292.03235,292.15234,292.23233,292.27234,292.28235,292.29236,292.28235,292.26233,292.25235,292.25235,292.25235,292.26233,292.26233,292.25235,292.23233,292.17233,292.22235,292.31235,292.39233,292.44235,292.48233,292.54236,292.59235,292.60236
289.72235,289.91235,290.12234,290.32236,290.50235,290.65234,290.74234,290.79236,290.80234,290.80234,290.79236,290.77234,290.75235,290.76233,290.79236,290.85236,290.91235,291.00235,291.11234,291.22235,291.31235,291.43234,291.56235,291.71234,291.85236,291.98233,292.11234,292.16235,292.15234,292.10236,292.00235,291.87234,291.78235,291.74234,291.74234,291.80234,291.89233,292.01233,292.11234,292.16235,292.16235,292.16235,292.15234,292.10236,292.07236,292.08234,292.12234,292.16235,292.16235,292.14233,292.10236,292.04236,292.06235,292.14233,292.21234,292.24234,292.30234,292.36234,292.42233,292.45233
289.44235,289.62234,289.84235,290.04236,290.21234,290.31235,290.36234,290.36234,290.35236,290.35236,290.33234,290.33234,290.35236,290.38235,290.42233,290.49234,290.59235,290.69235,290.81235,290.92233,291.02234,291.18234,291.34235,291.52234,291.71234,291.88235,292.03235,292.12234,292.15234,292.08234,291.95233,291.86234,291.75235,291.69235,291.66235,291.68234,291.75235,291.87234,291.98233,292.05234,292.07236,292.06235,292.02234,291.97235,291.95233,291.96234,291.98233,292.01233,292.03235,292.01233,291.98233,291.95233,291.98233,292.03235,292.05234,292.07236,292.12234,292.20233,292.29236,292.35236
289.11234,289.32236,289.53235,289.69235,289.81235,289.88235,289.93234,289.91235,289.91235,289.92233,289.91235,289.91235,289.96234,290.03235,290.12234,290.23233,290.36234,290.49234,290.63235,290.77234,290.90234,291.07236,291.28235,291.49234,291.71234,291.91235,292.07236,292.11234,292.09235,292.03235,291.94235,291.83234,291.73233,291.68234,291.67233,291.68234,291.74234,291.85236,291.93234,291.99234,292.02234,292.02234,291.97235,291.91235,291.86234,291.84235,291.83234,291.85236,291.87234,291.88235,291.89233,291.88235,291.88235,291.93234,291.98233,292.03235,292.06235,292.12234,292.20233,292.27234
288.77234,289.01233,289.21234,289.36234,289.45233,289.50235,289.53235,289.50235,289.48233,289.48233,289.49234,289.51233,289.58234,289.70233,289.85236,290.02234,290.21234,290.41235,290.58234,290.75235,290.93234,291.13235,291.35236,291.56235,291.77234,291.94235,292.05234,292.04236,291.97235,291.87234,291.77234,291.68234,291.63235,291.62234,291.63235,291.68234,291.78235,291.86234,291.95233,292.02234,292.03235,292.00235,291.94235,291.88235,291.83234,291.81235,291.78235,291.76233,291.77234,291.78235,291.79236,291.79236,291.81235,291.85236,291.90234,291.95233,291.99234,292.04236,292.12234,292.17233
288.47235,288.74234,288.92233,289.02234,289.06235,289.09235,289.10236,289.08234,289.07236,289.07236,289.11234,289.17233,289.28235,289.45233,289.66235,289.90234,290.16235,290.40234,290.61234,290.82236,291.02234,291.24234,291.44235,291.63235,291.78235,291.87234,291.89233,291.78235,291.66235,291.53235,291.44235,291.40234,291.44235,291.50235,291.58234,291.68234,291.81235,291.90234,291.99234,292.05234,292.05234,292.01233,291.94235,291.88235,291.83234,291.80234,291.77234,291.75235,291.74234,291.73233,291.71234,291.71234,291.74234,291.79236,291.83234,291.88235,291.92233,291.97235,292.04236,292.08234
288.21234,288.52234,288.66235,288.67233,288.65234,288.64233,288.62234,288.65234,288.67233,288.71234,288.77234,288.87234,289.05234,289.28235,289.56235,289.86234,290.16235,290.44235,290.67233,290.89233,291.09235,291.28235,291.43234,291.55234,291.61234,291.59235,291.49234,291.30234,291.14233,291.02234,290.97235,291.00235,291.14233,291.31235,291.49234,291.65234,291.80234,291.94235,292.02234,292.06235,292.07236,292.04236,291.97235,291.89233,291.83234,291.77234,291.73233,291.76233,291.75235,291.71234,291.68234,291.66235,291.69235,291.75235,291.79236,291.83234,291.86234,291.92233,291.96234,291.99234
287.94235,288.32236,288.38235,288.31235,288.27234,288.26233,288.19235,288.22235,288.26233,288.33234,288.44235,288.61234,288.85236,289.14233,289.48233,289.84235,290.19235,290.46234,290.67233,290.84235,290.99234,291.10236,291.15234,291.16235,291.10236,290.99234,290.82236,290.61234,290.49234,290.42233,290.41235,290.50235,290.75235,291.03235,291.29236,291.53235,291.77234,291.95233,292.06235,292.11234,292.13235,292.11234,292.02234,291.91235,291.81235,291.72235,291.67233,291.72235,291.75235,291.74234,291.69235,291.65234,291.67233,291.71234,291.75235,291.80234,291.88235,291.87234,291.87234,291.89233
287.27234,287.90234,288.06235,287.91235,287.79236,287.79236,287.78235,287.83234,287.92233,288.04236,288.20233,288.44235,288.76233,289.10236,289.47235,289.83234,290.11234,290.32236,290.45233,290.52234,290.53235,290.50235,290.44235,290.35236,290.25235,290.14233,290.03235,289.94235,289.90234,289.96234,290.12234,290.35236,290.58234,290.80234,291.02234,291.25235,291.50235,291.74234,291.95233,292.10236,292.18234,292.19235,292.10236,291.97235,291.84235,291.73233,291.64233,291.66235,291.68234,291.68234,291.67233,291.67233,291.68234,291.68234,291.69235,291.71234,291.77234,291.80234,291.84235,291.87234
285.84235,287.07236,287.67233,287.68234,287.51233,287.41235,287.47235,287.56235,287.68234,287.81235,287.97235,288.20233,288.54236,288.92233,289.30234,289.65234,289.94235,290.11234,290.20233,290.22235,290.16235,289.99234,289.86234,289.78235,289.67233,289.56235,289.54236,289.59235,289.67233,289.82236,290.00235,290.19235,290.37234,290.54236,290.71234,290.91235,291.15234,291.45233,291.73233,291.96234,292.11234,292.18234,292.11234,291.99234,291.85236,291.71234,291.59235,291.61234,291.64233,291.65234,291.64233,291.65234,291.67233,291.67233,291.66235,291.66235,291.72235,291.75235,291.80234,291.84235
283.85236,285.64233,286.90234,287.33234,287.29236,287.14233,287.28235,287.39233,287.52234,287.67233,287.85236,288.10236,288.40234,288.72235,289.03235,289.34235,289.66235,289.83234,289.92233,289.96234,289.91235,289.76233,289.63235,289.55234,289.48233,289.43234,289.46234,289.54236,289.65234,289.77234,289.90234,290.02234,290.14233,290.26233,290.39233,290.57236,290.79236,291.11234,291.43234,291.72235,291.95233,292.07236,292.06235,291.98233,291.85236,291.71234,291.59235,291.59235,291.59235,291.60236,291.61234,291.63235,291.64233,291.65234,291.65234,291.65234,291.71234,291.74234,291.78235,291.82236
282.29236,284.14233,285.92233,286.82236,287.03235,286.95233,287.21234,287.34235,287.48233,287.65234,287.83234,288.01233,288.22235,288.46234,288.71234,288.98233,289.29236,289.49234,289.60236,289.69235,289.75235,289.76233,289.69235,289.61234,289.58234,289.60236,289.62234,289.62234,289.64233,289.67233,289.73233,289.80234,289.88235,289.98233,290.10236,290.25235,290.46234,290.74234,291.06235,291.38235,291.66235,291.85236,291.92233,291.91235,291.84235,291.72235,291.63235,291.59235,291.56235,291.56235,291.59235,291.62234,291.62234,291.64233,291.66235,291.68234,291.71234,291.76233,291.80234,291.85236
