src/data/gfs/20180331-japan-2m-above-ground-temp/output.json
{"header": {"discipline":0,"disciplineName":"Meteorological products","gribEdition":2,"gribLength":14305,"center":7,"centerName":"US National Weather Service - NCEP(WMC)","subcenter":0,"refTime":"2018-03-31T00:00:00.000Z","significanceOfRT":1,"significanceOfRTName":"Start of forecast","productStatus":0,"productStatusName":"Operational products","productType":1,"productTypeName":"Forecast products","productDefinitionTemplate":0,"productDefinitionTemplateName":"Analysis/forecast at horizontal level/layer at a point in time","parameterCategory":0,"parameterCategoryName":"Temperature","parameterNumber":0,"parameterNumberName":"Temperature","parameterUnit":"K","genProcessType":2,"genProcessTypeName":"Forecast","forecastTime":384,"surface1Type":103,"surface1TypeName":"Specified height level above ground","surface1Value":2,"surface2Type":255,"surface2TypeName":"Missing","surface2Value":0,"gridDefinitionTemplate":0,"gridDefinitionTemplateName":"Latitude_Longitude","numberPoints":9417,"shape":6,"shapeName":"Earth spherical with radius of 6,371,229.0 m","gridUnits":"degrees","resolution":48,"winds":"true","scanMode":64,"nx":129,"ny":73,"basicAngle":0,"lo1":121,"la1":28,"lo2":153,"la2":46,"dx":0.25,"dy":0.25}, "data":
[rows 26 to 51 of 73, columns 60 to 119 of 129]
282.94235,283.97235,285.44235,286.33234,286.70233,286.84235,287.24234,287.46234,287.66235,287.77234,287.74234,287.49234,287.57236,287.96234,288.39233,288.70233,288.87234,289.10236,289.24234,289.37234,289.52234,289.66235,289.71234,289.72235,289.69235,289.63235,289.54236,289.47235,289.45233,289.45233,289.47235,289.52234,289.61234,289.71234,289.84235,289.98233,290.16235,290.38235,290.65234,290.94235,291.24234,291.50235,291.69235,291.78235,291.79236,291.74234,291.66235,291.62234,291.59235,291.57236,291.58234,291.63235,291.64233,291.67233,291.71234,291.72235,291.73233,291.78235,291.86234,291.92233
283.76233,284.07236,285.01233,285.96234,286.69235,287.07236,287.12234,287.53235,288.15234,288.30234,288.05234,288.24234,288.22235,288.03235,288.14233,288.48233,288.33234,288.68234,288.79236,288.92233,289.16235,289.39233,289.49234,289.54236,289.53235,289.47235,289.36234,289.28235,289.23233,289.21234,289.24234,289.29236,289.36234,289.49234,289.63235,289.76233,289.89233,290.05234,290.26233,290.51233,290.80234,291.14233,291.40234,291.58234,291.66235,291.69235,291.68234,291.65234,291.62234,291.60236,291.59235,291.60236,291.64233,291.67233,291.71234,291.74234,291.78235,291.82236,291.89233,291.94235
282.99234,283.52234,284.90234,286.04236,286.52234,286.26233,285.52234,285.43234,285.84235,286.53235,287.27234,287.78235,287.81235,287.85236,288.06235,288.08234,287.02234,288.05234,288.47235,288.65234,288.80234,288.99234,289.15234,289.25235,289.28235,289.26233,289.16235,289.10236,289.05234,289.03235,289.04236,289.08234,289.14233,289.25235,289.38235,289.51233,289.62234,289.75235,289.91235,290.12234,290.40234,290.74234,291.08234,291.35236,291.53235,291.63235,291.67233,291.65234,291.62234,291.60236,291.60236,291.61234,291.67233,291.72235,291.75235,291.78235,291.81235,291.86234,291.92233,291.98233
281.86234,282.54236,284.33234,285.69235,286.03235,285.29236,283.89233,282.89233,282.54236,283.33234,284.86234,285.81235,286.50235,287.48233,288.34235,288.53235,287.29236,288.28235,288.52234,288.50235,288.50235,288.60236,288.75235,288.90234,289.01233,289.04236,288.97235,288.95233,288.90234,288.87234,288.86234,288.88235,288.92233,289.00235,289.12234,289.24234,289.34235,289.45233,289.58234,289.76233,290.01233,290.34235,290.73233,291.06235,291.32236,291.48233,291.57236,291.60236,291.60236,291.60236,291.60236,291.63235,291.70233,291.75235,291.78235,291.80234,291.84235,291.90234,291.95233,292.01233
281.35236,281.40234,282.79236,284.10236,284.61234,284.03235,282.46234,280.80234,279.75235,280.15234,281.72235,283.13235,284.86234,286.95233,288.73233,289.59235,289.03235,289.27234,288.85236,288.41235,288.25235,288.30234,288.40234,288.58234,288.74234,288.83234,288.80234,288.81235,288.78235,288.73233,288.69235,288.67233,288.71234,288.77234,288.85236,288.96234,289.06235,289.16235,289.27234,289.42233,289.64233,289.96234,290.36234,290.73233,291.03235,291.24234,291.38235,291.46234,291.52234,291.56235,291.59235,291.64233,291.71234,291.76233,291.80234,291.84235,291.88235,291.93234,291.97235,292.01233
282.15234,280.50235,280.06235,280.52234,281.14233,281.25235,280.26233,279.15234,278.60236,278.98233,280.18234,281.65234,283.80234,286.27234,288.44235,289.73233,289.60236,289.64233,288.98233,288.33234,288.05234,288.10236,288.23233,288.35236,288.48233,288.61234,288.66235,288.66235,288.63235,288.58234,288.54236,288.49234,288.49234,288.54236,288.61234,288.68234,288.78235,288.89233,288.99234,289.12234,289.31235,289.60236,289.99234,290.39233,290.74234,290.98233,291.12234,291.24234,291.35236,291.45233,291.54236,291.65234,291.74234,291.82236,291.88235,291.91235,291.94235,291.95233,291.95233,291.97235
282.87234,281.05234,279.09235,278.02234,277.63235,277.46234,276.85236,277.52234,278.20233,278.88235,279.88235,281.85236,284.70233,287.23233,288.92233,289.63235,289.56235,289.56235,288.90234,288.25235,287.93234,287.94235,288.05234,288.16235,288.26233,288.35236,288.47235,288.49234,288.46234,288.40234,288.35236,288.30234,288.28235,288.31235,288.36234,288.42233,288.51233,288.60236,288.70233,288.84235,289.03235,289.30234,289.65234,290.02234,290.35236,290.60236,290.78235,290.95233,291.10236,291.23233,291.36234,291.50235,291.61234,291.72235,291.81235,291.87234,291.92233,291.92233,291.89233,291.86234
283.09235,282.01233,280.15234,278.59235,277.29236,276.07236,274.58234,275.92233,277.63235,278.88235,279.91235,282.10236,285.00235,287.24234,288.61234,289.24234,289.63235,289.51233,288.82236,288.19235,287.89233,287.82236,287.83234,287.97235,288.08234,288.14233,288.22235,288.27234,288.25235,288.21234,288.16235,288.12234,288.10236,288.11234,288.13235,288.17233,288.22235,288.30234,288.41235,288.55234,288.74234,289.00235,289.33234,289.66235,289.97235,290.25235,290.48233,290.67233,290.84235,290.99234,291.11234,291.23233,291.39233,291.52234,291.63235,291.73233,291.78235,291.77234,291.74234,291.70233
282.91235,282.63235,281.79236,280.83234,279.53235,277.67233,275.05234,275.29236,276.75235,278.02234,278.96234,280.77234,282.91235,284.62234,286.06235,287.43234,289.00235,288.87234,288.30234,287.89233,287.82236,287.81235,287.69235,287.78235,287.89233,287.96234,287.98233,288.01233,288.01233,287.99234,287.97235,287.95233,287.95233,287.93234,287.93234,287.93234,287.93234,287.99234,288.09235,288.24234,288.44235,288.71234,289.04236,289.36234,289.66235,289.95233,290.21234,290.43234,290.61234,290.75235,290.86234,290.95233,291.10236,291.22235,291.34235,291.45233,291.49234,291.50235,291.50235,291.49234
282.52234,282.67233,282.80234,282.84235,282.39233,280.99234,278.12234,276.51233,276.58234,277.16235,277.77234,278.66235,279.16235,280.05234,281.70233,284.16235,287.06235,287.31235,287.18234,287.22235,287.53235,287.77234,287.64233,287.62234,287.68234,287.76233,287.77234,287.75235,287.76233,287.77234,287.78235,287.78235,287.80234,287.78235,287.75235,287.72235,287.66235,287.68234,287.77234,287.93234,288.15234,288.44235,288.81235,289.13235,289.44235,289.74234,290.01233,290.26233,290.44235,290.57236,290.64233,290.70233,290.78235,290.88235,290.99234,291.08234,291.14233,291.19235,291.25235,291.28235
282.15234,282.39233,282.27234,282.27234,282.64233,282.92233,281.92233,280.34235,279.28235,278.95233,279.10236,278.98233,276.95233,276.51233,277.82236,280.45233,283.40234,284.86234,285.61234,286.18234,286.79236,287.39233,287.53235,287.48233,287.43234,287.46234,287.55234,287.47235,287.49234,287.54236,287.57236,287.60236,287.64233,287.63235,287.59235,287.53235,287.45233,287.42233,287.49234,287.65234,287.90234,288.22235,288.62234,289.00235,289.35236,289.67233,289.96234,290.18234,290.36234,290.47235,290.52234,290.52234,290.53235,290.59235,290.67233,290.77234,290.89233,291.01233,291.09235,291.15234
281.74234,282.00235,281.93234,281.49234,281.65234,282.40234,282.73233,282.30234,281.92233,281.85236,281.99234,281.87234,279.74234,278.88235,279.29236,280.63235,282.26233,283.14233,283.88235,284.87234,286.00235,286.71234,286.99234,287.08234,287.06235,287.03235,287.09235,287.09235,287.11234,287.16235,287.23233,287.29236,287.35236,287.36234,287.32236,287.23233,287.13235,287.11234,287.19235,287.38235,287.68234,288.06235,288.50235,288.92233,289.29236,289.61234,289.87234,290.06235,290.21234,290.30234,290.33234,290.32236,290.30234,290.30234,290.34235,290.43234,290.61234,290.75235,290.92233,291.05234
281.29236,281.53235,281.67233,281.49234,281.58234,282.03235,282.44235,282.51233,282.53235,282.63235,282.70233,282.44235,281.42233,280.61234,280.26233,280.44235,281.03235,281.83234,282.93234,284.35236,285.72235,286.30234,286.47235,286.55234,286.56235,286.56235,286.58234,286.61234,286.64233,286.71234,286.81235,286.93234,287.00235,287.02234,286.98233,286.88235,286.79236,286.78235,286.88235,287.10236,287.45233,287.89233,288.37234,288.83234,289.21234,289.52234,289.74234,289.91235,290.03235,290.12234,290.16235,290.17233,290.13235,290.10236,290.12234,290.20233,290.37234,290.53235,290.73233,290.90234
280.91235,281.08234,281.30234,281.42233,281.54236,281.71234,281.93234,282.13235,282.31235,282.48233,282.58234,282.51233,282.13235,281.17233,280.20233,279.62234,279.73233,280.88235,282.66235,284.37234,285.58234,286.05234,286.07236,286.05234,286.05234,286.09235,286.07236,286.11234,286.15234,286.24234,286.38235,286.54236,286.63235,286.66235,286.61234,286.51233,286.42233,286.44235,286.57236,286.84235,287.23233,287.73233,288.24234,288.72235,289.11234,289.42233,289.64233,289.79236,289.90234,289.98233,290.04236,290.07236,290.03235,290.00235,290.01233,290.08234,290.19235,290.38235,290.58234,290.76233
280.61234,280.73233,280.87234,281.05234,281.22235,281.38235,281.54236,281.72235,281.90234,282.08234,282.30234,282.61234,282.23233,280.94235,279.51233,278.57236,278.60236,280.21234,282.56235,284.44235,285.41235,285.80234,285.71234,285.60236,285.59235,285.64233,285.59235,285.62234,285.69235,285.80234,285.96234,286.14233,286.26233,286.28235,286.23233,286.13235,286.06235,286.11234,286.30234,286.61234,287.04236,287.58234,288.10236,288.57236,288.97235,289.29236,289.53235,289.68234,289.78235,289.87234,289.94235,289.98233,289.98233,289.97235,290.00235,290.04236,290.10236,290.29236,290.47235,290.62234
280.35236,280.50235,280.62234,280.75235,280.86234,280.98233,281.12234,281.30234,281.47235,281.62234,281.81235,282.13235,282.34235,281.13235,279.50235,278.31235,278.18234,279.72235,281.75235,283.74234,285.14233,285.33234,285.15234,285.08234,285.13235,285.21234,285.18234,285.19235,285.26233,285.40234,285.59235,285.78235,285.90234,285.90234,285.83234,285.73233,285.70233,285.81235,286.05234,286.42233,286.88235,287.42233,287.93234,288.37234,288.74234,289.04236,289.28235,289.46234,289.60236,289.71234,289.80234,289.88235,289.92233,289.96234,290.02234,290.09235,290.13235,290.24234,290.34235,290.44235
280.17233,280.34235,280.52234,280.68234,280.82236,280.91235,280.96234,281.06235,281.20233,281.34235,281.48233,281.64233,282.09235,281.66235,280.61234,279.37234,278.59235,279.27234,280.58234,282.30234,283.98233,284.94235,284.99234,284.88235,284.85236,284.91235,284.78235,284.89233,285.01233,285.16235,285.30234,285.43234,285.49234,285.46234,285.39233,285.36234,285.40234,285.60236,285.93234,286.34235,286.80234,287.28235,287.59235,287.93234,288.26233,288.56235,288.80234,289.04236,289.30234,289.50235,289.63235,289.73233,289.85236,289.96234,290.04236,290.09235,290.12234,290.18234,290.21234,290.25235
280.07236,280.25235,280.44235,280.61234,280.76233,280.86234,280.89233,280.92233,281.00235,281.14233,281.29236,281.38235,281.80234,281.81235,281.34235,280.46234,279.49234,279.10236,279.34235,280.62234,282.57236,284.04236,284.38235,284.46234,284.62234,284.81235,284.61234,284.70233,284.84235,284.98233,285.08234,285.14233,285.13235,285.03235,284.97235,285.02234,285.16235,285.49234,285.90234,286.33234,286.73233,287.04236,287.19235,287.38235,287.62234,287.90234,288.19235,288.50235,288.84235,289.15234,289.41235,289.61234,289.79236,289.93234,290.03235,290.08234,290.08234,290.06235,290.06235,290.08234
280.00235,280.15234,280.35236,280.54236,280.70233,280.81235,280.86234,280.85236,280.88235,280.99234,281.15234,281.29236,281.58234,281.77234,281.70233,281.25235,280.38235,279.29236,278.80234,279.64233,281.45233,282.81235,283.46234,283.92233,284.34235,284.65234,284.55234,284.59235,284.70233,284.81235,284.86234,284.85236,284.78235,284.65234,284.61234,284.74234,285.01233,285.44235,285.90234,286.30234,286.58234,286.65234,286.69235,286.76233,286.92233,287.16235,287.48233,287.83234,288.25235,288.67233,289.06235,289.40234,289.67233,289.87234,289.99234,290.05234,290.03235,289.95233,289.92233,289.94235
279.91235,280.05234,280.23233,280.44235,280.61234,280.72235,280.79236,280.78235,280.78235,280.85236,281.01233,281.23233,281.44235,281.68234,281.80234,281.65234,280.98233,279.71234,279.00235,279.44235,280.68234,281.50235,282.42233,283.31235,283.99234,284.39233,284.52234,284.46234,284.52234,284.59235,284.60236,284.54236,284.45233,284.34235,284.35236,284.54236,284.93234,285.42233,285.86234,286.18234,286.31235,286.20233,286.16235,286.16235,286.27234,286.48233,286.77234,287.13235,287.59235,288.08234,288.58234,289.06235,289.45233,289.73233,289.88235,289.94235,289.93234,289.83234,289.79236,289.77234
279.79236,279.93234,280.09235,280.30234,280.47235,280.57236,280.64233,280.65234,280.64233,280.69235,280.83234,281.08234,281.34235,281.59235,281.78235,281.75235,281.27234,280.12234,279.31235,279.29236,279.92233,280.42233,281.45233,282.59235,283.53235,284.13235,284.40234,284.19235,284.21234,284.28235,284.28235,284.20233,284.13235,284.08234,284.16235,284.42233,284.85236,285.34235,285.73233,285.94235,285.96234,285.88235,285.72235,285.69235,285.79236,285.99234,286.24234,286.55234,286.95233,287.44235,287.99234,288.55234,289.05234,289.42233,289.64233,289.70233,289.65234,289.62234,289.57236,289.50235
279.62234,279.74234,279.89233,280.10236,280.28235,280.38235,280.43234,280.44235,280.47235,280.56235,280.71234,280.96234,281.23233,281.48233,281.68234,281.67233,281.17233,279.81235,278.61234,278.13235,278.45233,279.21234,280.62234,282.04236,283.11234,283.73233,283.96234,283.67233,283.68234,283.76233,283.79236,283.74234,283.72235,283.76233,283.95233,284.31235,284.79236,285.26233,285.58234,285.70233,285.65234,285.50235,285.37234,285.39233,285.51233,285.67233,285.86234,286.06235,286.35236,286.65234,287.05234,287.79236,288.41235,288.84235,289.07236,289.16235,289.16235,289.09235,288.99234,288.85236
279.35236,279.50235,279.67233,279.85236,280.00235,280.09235,280.11234,280.17233,280.26233,280.39233,280.58234,280.84235,281.09235,281.36234,281.59235,281.59235,281.12234,279.86234,278.75235,278.28235,278.54236,279.23233,280.63235,282.14233,282.99234,283.10236,283.15234,282.99234,282.99234,283.04236,283.09235,283.08234,283.16235,283.33234,283.63235,284.05234,284.55234,284.96234,285.23233,285.31235,285.24234,285.13235,285.11234,285.14233,285.20233,285.25235,285.27234,285.34235,285.53235,285.80234,286.20233,286.87234,287.50235,287.97235,288.29236,288.46234,288.50235,288.41235,288.28235,288.07236
279.06235,279.21234,279.37234,279.52234,279.64233,279.73233,279.77234,279.88235,280.02234,280.20233,280.44235,280.73233,280.94235,281.24234,281.43234,281.32236,280.75235,279.63235,278.85236,278.67233,279.10236,279.95233,281.11234,282.16235,282.59235,282.46234,282.36234,282.31235,282.30234,282.32236,282.36234,282.41235,282.57236,282.83234,283.21234,283.68234,284.19235,284.55234,284.75235,284.79236,284.74234,284.70233,284.76233,284.79236,284.76233,284.66235,284.50235,284.42233,284.48233,284.69235,285.08234,285.69235,286.32236,286.87234,287.31235,287.60236,287.71234,287.62234,287.48233,287.27234
278.79236,278.91235,279.05234,279.17233,279.27234,279.35236,279.43234,279.58234,279.76233,280.00235,280.29236,280.61234,280.81235,281.11234,281.22235,280.98233,280.30234,279.32236,278.93234,279.09235,279.73233,280.79236,281.60236,281.91235,281.96234,281.90234,281.79236,281.75235,281.74234,281.76233,281.80234,281.88235,282.08234,282.39233,282.80234,283.28235,283.79236,284.12234,284.24234,284.26233,284.24234,284.25235,284.31235,284.31235,284.20233,283.97235,283.66235,283.43234,283.36234,283.45233,283.76233,284.34235,284.98233,285.60236,286.15234,286.58234,286.81235,286.74234,286.62234,286.45233
278.54236,278.67233,278.80234,278.90234,278.97235,279.03235,279.11234,279.28235,279.51233,279.79236,280.11234,280.48233,280.68234,280.94235,281.06235,280.91235,280.48233,279.87234,279.72235,280.00235,280.57236,281.16235,281.55234,281.69235,281.58234,281.39233,281.42233,281.41235,281.42233,281.46234,281.53235,281.64233,281.84235,282.15234,282.54236,282.97235,283.40234,283.75235,283.86234,283.87234,283.85236,283.87234,283.92233,283.84235,283.63235,283.31235,282.91235,282.61234,282.47235,282.47235,282.65234,283.07236,283.64233,284.26233,284.86234,285.40234,285.80234,285.81235,285.72235,285.60236
