src/data/gfs/20180402-japan-10m-above-ground-wind/20180402-wind.json
{"header": {"discipline":0,"disciplineName":"Meteorological products","gribEdition":2,"gribLength":42853,"center":7,"centerName":"US National Weather Service - NCEP(WMC)","subcenter":0,"refTime":"2018-04-02T12:00:00.000Z","significanceOfRT":1,"significanceOfRTName":"Start of forecast","productStatus":0,"productStatusName":"Operational products","productType":1,"productTypeName":"Forecast products","productDefinitionTemplate":0,"productDefinitionTemplateName":"Analysis/forecast at horizontal level/layer at a point in time","parameterCategory":2,"parameterCategoryName":"Momentum","parameterNumber":3,"parameterNumberName":"V-component_of_wind","parameterUnit":"m.s-1","genProcessType":2,"genProcessTypeName":"Forecast","forecastTime":384,"surface1Type":103,"surface1TypeName":"Specified height level above ground","surface1Value":10,"surface2Type":255,"surface2TypeName":"Missing","surface2Value":0,"gridDefinitionTemplate":0,"gridDefinitionTemplateName":"Latitude_Longitude","numberPoints":28449,"shape":6,"shapeName":"Earth spherical with radius of 6,371,229.0 m","gridUnits":"degrees","resolution":48,"winds":"true","scanMode":64,"nx":261,"ny":109,"basicAngle":0,"lo1":107,"la1":20,"lo2":172,"la2":47,"dx":0.25,"dy":0.25}, "data":
[rows 78 to 103 of 109, columns 118 to 176 of 261]
-4.6296372,-4.9496374,-5.2696376,-5.5896373,-5.8696375,-6.149637,-6.4696374,-6.8596373,-7.3396373,-7.8796372,-8.159637,-7.9496374,-7.1696377,-5.7996373,-3.8196375,-1.6596375,-0.66963744,-0.33963746,-0.31963745,-0.51963747,-0.8896375,-1.6296375,-2.7396374,-3.9096375,-4.5496373,-4.7596374,-4.8796372,-4.9796376,-5.0796375,-5.1996374,-5.3496375,-5.4896374,-5.5596375,-5.5396376,-5.4596376,-5.2896376,-5.0596375,-4.8096375,-4.5296373,-4.2496376,-3.9396374,-3.6296375,-3.3596375,-3.1096375,-2.8996375,-2.7696373,-2.6796374,-2.6496375,-2.6696374,-2.7296374,-2.8096375,-2.8696375,-2.9296374,-2.9496374,-2.9196374,-2.7596374,-2.5096374,-2.1696374,-1.7496375
-3.3696375,-3.6496375,-3.9596374,-4.2596374,-4.5396376,-4.7996373,-5.0796375,-5.4096375,-5.7996373,-6.2496376,-6.6096373,-6.649637,-6.2896376,-5.4496374,-3.9796374,-2.0796375,-1.2296375,-0.8896375,-0.70963746,-0.59963745,-0.6996375,-1.1696374,-1.9896375,-2.9496374,-3.6196375,-3.8696375,-4.0396376,-4.1996374,-4.3796372,-4.5896373,-4.8196373,-5.0596375,-5.2496376,-5.3896375,-5.4796376,-5.4696374,-5.3896375,-5.2596374,-5.0696373,-4.8196373,-4.4896374,-4.1396375,-3.7796373,-3.4396374,-3.1196375,-2.8596375,-2.6596375,-2.5396376,-2.4796374,-2.4796374,-2.5296373,-2.5996375,-2.6796374,-2.7596374,-2.8296375,-2.8596375,-2.8596375,-2.8296375,-2.7696373
-2.3596375,-2.5496376,-2.7596374,-2.9896374,-3.1996374,-3.3796375,-3.5796375,-3.7996376,-4.0796375,-4.4196377,-4.8096375,-5.0196376,-4.9996376,-4.5896373,-3.6196375,-2.0896375,-1.4196374,-1.0696374,-0.76963747,-0.5096375,-0.43963745,-0.67963743,-1.2396375,-1.9696374,-2.5096374,-2.7196374,-2.8496375,-2.9696374,-3.1296375,-3.3496375,-3.5996375,-3.8696375,-4.1296372,-4.3796372,-4.6096373,-4.7696376,-4.8796372,-4.9196377,-4.9096375,-4.8296375,-4.6396375,-4.399637,-4.0996375,-3.7696373,-3.4396374,-3.1396375,-2.8796375,-2.6696374,-2.5296373,-2.4596374,-2.4396374,-2.4596374,-2.4896374,-2.5396376,-2.5896375,-2.6496375,-2.7196374,-2.7896376,-2.8796375
-1.5196375,-1.5996375,-1.6996374,-1.8096374,-1.9296374,-2.0096374,-2.0996375,-2.2096374,-2.3596375,-2.5896375,-2.9396374,-3.2396374,-3.3996375,-3.2796373,-2.7096374,-1.6696374,-1.1796374,-0.85963744,-0.51963747,-0.20963745,-0.04963745,-0.11963745,-0.43963745,-0.90963745,-1.2396375,-1.3596375,-1.4196374,-1.4796375,-1.5896374,-1.7396375,-1.9496374,-2.1896374,-2.4596374,-2.7396374,-3.0296373,-3.3096375,-3.5596375,-3.7696373,-3.9296374,-4.0396376,-4.0596375,-4.0096374,-3.8596375,-3.6396375,-3.3896375,-3.1196375,-2.8696375,-2.6496375,-2.4896374,-2.4296374,-2.3996375,-2.3896375,-2.3896375,-2.4096375,-2.4196374,-2.4396374,-2.4696374,-2.5296373,-2.5996375
-0.77963746,-0.76963747,-0.76963747,-0.77963746,-0.78963745,-0.76963747,-0.76963747,-0.76963747,-0.8196375,-0.92963743,-1.1796374,-1.4596374,-1.6396375,-1.6196375,-1.3496375,-0.8196375,-0.51963747,-0.24963745,0.040362548,0.36036256,0.5503625,0.57036257,0.43036255,0.22036254,0.070362546,0.030362548,0.010362549,-0.009637451,-0.04963745,-0.109637454,-0.22963744,-0.38963744,-0.58963746,-0.82963747,-1.0996375,-1.3996375,-1.6896374,-1.9796375,-2.2596374,-2.4996374,-2.6896374,-2.7996376,-2.8196375,-2.7496374,-2.6396375,-2.4796374,-2.3196375,-2.1796374,-2.0896375,-2.1196375,-2.1596375,-2.1996374,-2.2496374,-2.2796373,-2.2996376,-2.2796373,-2.2696373,-2.2696373,-2.2796373
-0.15963745,-0.07963745,0.00036254883,0.09036255,0.17036255,0.25036255,0.32036254,0.38036254,0.41036254,0.40036255,0.29036254,0.17036255,0.10036255,0.12036255,0.22036254,0.37036255,0.5503625,0.73036253,0.91036254,1.2003626,1.4103626,1.4303626,1.3703625,1.2803626,1.2103626,1.1603626,1.1303625,1.1103625,1.1103625,1.1303625,1.1403625,1.1103625,1.0203625,0.8803626,0.6903626,0.48036253,0.26036254,0.030362548,-0.19963746,-0.44963744,-0.67963743,-0.84963745,-0.95963746,-1.0196375,-1.0296375,-1.0096375,-1.0196375,-1.0396374,-1.0996375,-1.2196374,-1.3896375,-1.5796374,-1.7496375,-1.8996375,-2.0096374,-2.0396376,-2.0496376,-2.0596375,-2.0496376
0.28036255,0.33036256,0.42036256,0.52036256,0.6303626,0.72036254,0.8103626,0.89036256,0.95036256,0.9903625,0.98036253,0.9903625,1.0603626,1.2003626,1.3803625,1.5003625,1.3303626,1.2903626,1.4403626,1.5103625,1.4903625,1.4603626,1.4303626,1.3903625,1.3403625,1.2903626,1.2703625,1.2703625,1.3203626,1.4203626,1.5503626,1.6603626,1.7203625,1.7403625,1.7103626,1.6503625,1.5903625,1.5303626,1.4503626,1.3603625,1.2603625,1.1703626,1.0803626,0.98036253,0.89036256,0.78036255,0.65036255,0.5003626,0.32036254,0.12036255,-0.11963745,-0.35963744,-0.59963745,-0.83963746,-1.0796374,-1.2296375,-1.3496375,-1.4496374,-1.5296375
0.7403625,0.79036254,0.85036254,0.9303625,1.0303626,1.1003625,1.1403625,1.1603626,1.1703626,1.1703626,1.1003625,1.0503626,1.0503626,1.1003625,1.1803626,1.2303625,1.0703626,0.89036256,0.76036257,0.6203625,0.5003626,0.43036255,0.42036256,0.44036254,0.46036255,0.5003626,0.5603626,0.65036255,0.78036255,0.97036254,1.2003626,1.4303626,1.6303625,1.8203626,1.9903625,2.1303625,2.2503626,2.3503625,2.4303625,2.4903626,2.5003626,2.4903626,2.4303625,2.3503625,2.2303627,2.0903625,1.9003625,1.6903626,1.4503626,1.2103626,0.96036255,0.72036254,0.48036253,0.25036255,0.010362549,-0.16963746,-0.34963745,-0.52963746,-0.6996375
1.3303626,1.3803625,1.4403626,1.4903625,1.5503626,1.5603626,1.5303626,1.4703625,1.3903625,1.2903626,1.1003625,0.91036254,0.73036253,0.58036256,0.47036254,0.35036254,0.10036255,-0.19963746,-0.5096375,-0.76963747,-0.95963746,-1.0596374,-1.0796374,-1.0096375,-0.90963745,-0.7596375,-0.58963746,-0.37963745,-0.15963745,0.08036255,0.35036254,0.64036256,0.96036255,1.2903626,1.6403625,1.9803625,2.2703626,2.5203626,2.7203627,2.8803625,2.9703627,3.0203626,3.0203626,2.9703627,2.8903625,2.7403626,2.5603626,2.3403625,2.1003625,1.8503625,1.6203625,1.4003625,1.2003626,1.0103625,0.84036255,0.6803625,0.51036257,0.32036254,0.12036255
2.0103626,2.1103625,2.1803625,2.2203627,2.2303627,2.1903625,2.0903625,1.9603626,1.7803626,1.5803626,1.2703625,0.95036256,0.60036254,0.24036255,-0.08963745,-0.41963744,-0.85963744,-1.2996374,-1.6896374,-2.0096374,-2.2496374,-2.3996375,-2.4496374,-2.3896375,-2.2396374,-2.0096374,-1.7296375,-1.4296374,-1.1496375,-0.91963744,-0.6996375,-0.41963744,-0.06963745,0.35036254,0.8103626,1.2703625,1.6803626,2.0303626,2.3103626,2.5203626,2.6703625,2.7703626,2.8303626,2.8503625,2.8303626,2.7503626,2.6203625,2.4403625,2.2403626,2.0103626,1.7903626,1.5903625,1.4103626,1.2603625,1.1503625,1.0403626,0.9303625,0.8003625,0.65036255
2.6603625,2.8403625,2.9703627,3.0403626,3.0403626,2.9603624,2.8403625,2.6603625,2.4303625,2.1603625,1.8403625,1.4503626,1.0103625,0.54036254,0.060362548,-0.39963746,-0.8096374,-1.3696375,-2.0096374,-2.4296374,-2.6896374,-2.8996375,-3.0396376,-3.0996375,-3.0096374,-2.7496374,-2.4096375,-2.0496376,-1.7696375,-1.6596375,-1.5596374,-1.3996375,-1.1396375,-0.78963745,-0.32963744,0.13036256,0.54036254,0.89036256,1.1903626,1.4503626,1.6303625,1.7903626,1.9403626,2.0703626,2.1703625,2.2303627,2.2003624,2.1103625,1.9603626,1.7603625,1.5303626,1.3103626,1.1203625,0.97036254,0.8703625,0.79036254,0.7503626,0.70036256,0.64036256
2.9903626,3.2403626,3.4503624,3.6003625,3.6803625,3.6303625,3.5103626,3.3403625,3.1203625,2.8703625,2.5903625,2.2603626,1.8603625,1.3703625,0.77036256,0.09036255,-0.59963745,-1.2196374,-1.6896374,-1.9596374,-2.1196375,-2.3096375,-2.5396376,-2.6496375,-2.2796373,-1.8996375,-1.6596375,-1.6396375,-1.7596375,-1.8196374,-1.9096375,-1.9396374,-1.8996375,-1.7696375,-1.5496374,-1.3196374,-1.0996375,-0.8796375,-0.65963745,-0.44963744,-0.20963745,0.060362548,0.35036254,0.65036255,0.96036255,1.2203625,1.3803625,1.4403626,1.4103626,1.2803626,1.0603626,0.8103626,0.59036255,0.40036255,0.26036254,0.18036255,0.15036255,0.15036255,0.16036254
3.0903625,3.3403625,3.5903625,3.8003626,3.9503624,3.9703627,3.9103625,3.7703626,3.5903625,3.3803625,3.1503625,2.9103625,2.5903625,2.1103625,1.4603626,0.67036253,-0.03963745,-0.60963744,-1.0096375,-1.2296375,-1.3796375,-1.5296375,-1.6496375,-1.6996374,-1.5696374,-1.3696375,-1.2196374,-1.2296375,-1.3996375,-1.6396375,-1.8596375,-2.0696375,-2.2396374,-2.3596375,-2.4396374,-2.5496376,-2.5996375,-2.5696375,-2.4796374,-2.3096375,-2.0296373,-1.6796374,-1.2696375,-0.8196375,-0.33963746,0.12036255,0.47036254,0.70036256,0.8103626,0.8003625,0.65036255,0.43036255,0.21036255,0.020362549,-0.13963746,-0.22963744,-0.26963747,-0.25963745,-0.21963745
3.1203625,3.3103626,3.5203626,3.7303627,3.9003625,3.9903626,3.9703627,3.8803625,3.7503626,3.6003625,3.4403625,3.3103626,3.1103625,2.7903626,2.2803626,1.5803626,0.8003625,0.17036255,-0.24963745,-0.5596374,-0.77963746,-0.9396374,-0.9996374,-0.98963743,-1.0496374,-1.0796374,-1.0796374,-1.0796374,-1.0996375,-1.2096374,-1.4796375,-1.8096374,-2.1696374,-2.5296373,-2.8396375,-3.2596374,-3.5296373,-3.6496375,-3.6596375,-3.6196375,-3.3196375,-2.9296374,-2.4496374,-1.9096375,-1.3196374,-0.73963743,-0.26963747,0.09036255,0.34036255,0.45036256,0.41036254,0.27036256,0.11036255,-0.04963745,-0.18963745,-0.27963746,-0.32963744,-0.32963744,-0.29963744
3.2003624,3.3003626,3.4203625,3.5403626,3.6803625,3.7503626,3.7403626,3.6703625,3.5903625,3.5003626,3.4103625,3.3703625,3.3403625,3.2603626,3.0903625,2.6503625,1.8903625,1.1903626,0.66036254,0.16036254,-0.24963745,-0.48963746,-0.57963747,-0.60963744,-0.6996375,-0.91963744,-1.1196375,-1.1496375,-0.98963743,-0.79963744,-0.97963744,-1.3396374,-1.7896374,-2.2596374,-2.7096374,-3.2696373,-3.6996374,-3.9196374,-3.9796374,-4.0296373,-3.7496374,-3.3696375,-2.8996375,-2.3596375,-1.7696375,-1.1796374,-0.65963745,-0.21963745,0.11036255,0.33036256,0.40036255,0.38036254,0.31036255,0.22036254,0.12036255,0.030362548,-0.01963745,-0.05963745,-0.06963745
3.4003625,3.4303625,3.4403625,3.4603624,3.4903626,3.4303625,3.3203626,3.2203627,3.1503625,3.1203625,3.0603626,3.1003625,3.2103624,3.3303626,3.4503624,3.4403625,3.1703625,2.6903625,2.0603626,1.3203626,0.5603626,0.22036254,0.05036255,-0.12963745,-0.36963746,-0.72963744,-1.0896374,-1.1996374,-1.0396374,-0.8096374,-0.70963746,-0.8896375,-1.2396375,-1.6496375,-2.0596375,-2.5196373,-3.1396375,-3.5196373,-3.5496376,-3.4596374,-3.2196374,-2.9196374,-2.5296373,-2.0796375,-1.6096375,-1.1096375,-0.60963744,-0.15963745,0.21036255,0.48036253,0.64036256,0.72036254,0.7403625,0.70036256,0.65036255,0.58036256,0.51036257,0.44036254,0.36036256
3.5003626,3.6203625,3.6203625,3.5403626,3.3903625,3.2103624,3.0403626,2.8803625,2.7403626,2.6203625,2.5303626,2.5303626,2.6003625,2.7303627,2.9203625,3.1103625,3.1203625,2.9703627,2.6303625,2.0803626,1.2703625,0.98036253,0.8603625,0.6803625,0.39036256,-0.08963745,-0.48963746,-0.70963746,-0.7496374,-0.73963743,-0.77963746,-0.9496375,-1.2596375,-1.6696374,-2.1696374,-2.6396375,-2.9696374,-3.0996375,-3.0396376,-2.8996375,-2.6596375,-2.3896375,-2.0596375,-1.6796374,-1.2596375,-0.78963745,-0.32963744,0.10036255,0.48036253,0.76036257,0.9303625,1.0303626,1.0603626,1.0403626,0.9903625,0.92036253,0.84036255,0.7403625,0.64036256
3.0603626,3.3603625,3.4903626,3.4803627,3.3703625,3.1803625,2.9703627,2.7703626,2.5703626,2.3703625,2.2003624,2.0703626,1.9903625,1.9903625,2.0503626,2.2203627,2.4003625,2.5403626,2.5403626,2.3203626,1.6703626,1.4903625,1.4603626,1.3803625,1.1903626,0.83036256,0.42036256,0.060362548,-0.22963744,-0.5096375,-0.77963746,-1.0296375,-1.2396375,-1.4896375,-1.9896375,-2.5596375,-2.8596375,-2.9396374,-2.8496375,-2.6596375,-2.3896375,-2.1196375,-1.8296374,-1.4996375,-1.1196375,-0.6896374,-0.23963745,0.19036254,0.5603626,0.83036256,0.98036253,1.0503626,1.0503626,1.0203625,0.96036255,0.90036255,0.83036256,0.7503626,0.66036254
1.9003625,2.3503625,2.6503625,2.8103626,2.8803625,2.8403625,2.7503626,2.6403625,2.4903626,2.3103626,2.0903625,1.8503625,1.6203625,1.4203626,1.2903626,1.3103626,1.5503626,1.8903625,2.2303627,2.4403625,2.3003626,2.0603626,1.9003625,1.8603625,1.8203626,1.6403625,1.2903626,0.84036255,0.37036255,-0.11963745,-0.5696375,-0.89963746,-1.1196375,-1.3396374,-1.7796375,-2.3196375,-2.6396375,-2.7596374,-2.6896374,-2.5196373,-2.2896376,-2.0596375,-1.8296374,-1.5696374,-1.2396375,-0.84963745,-0.40963745,0.020362549,0.39036256,0.64036256,0.76036257,0.78036255,0.76036257,0.71036255,0.65036255,0.6103625,0.58036256,0.5503625,0.52036256
0.16036254,0.6103625,0.97036254,1.2903626,1.5603626,1.8003626,1.9703625,2.0903625,2.1503625,2.1303625,2.0003626,1.7503625,1.4503626,1.1203625,0.82036257,0.67036253,0.8803626,1.3203626,1.8803625,2.4903626,2.9503624,2.5503626,2.1703625,2.1203625,2.1803625,2.1603625,2.0003626,1.6103625,1.0203625,0.39036256,-0.17963745,-0.58963746,-0.89963746,-1.2096374,-1.5696374,-1.9696374,-2.2996376,-2.4596374,-2.4296374,-2.3396375,-2.2196374,-2.1296375,-2.0196373,-1.8496375,-1.5996375,-1.2396375,-0.8196375,-0.38963744,-0.009637451,0.25036255,0.34036255,0.33036256,0.28036255,0.22036254,0.17036255,0.16036254,0.18036255,0.21036255,0.26036254
-1.8096374,-1.6096375,-1.3896375,-1.1096375,-0.7496374,-0.27963746,0.21036255,0.67036253,1.0703626,1.3803625,1.5103625,1.4603626,1.2603625,0.97036254,0.6303626,0.37036255,0.51036257,0.9403626,1.5603626,2.2603626,2.8603625,2.5503626,2.2203627,2.1903625,2.2603626,2.3203626,2.6003625,2.4603624,1.7703625,0.9403626,0.19036254,-0.30963746,-0.65963745,-0.9496375,-1.2696375,-1.6196375,-1.9296374,-2.0696375,-2.0396376,-2.0196373,-2.0796375,-2.2296374,-2.2896376,-2.2296374,-2.0796375,-1.7896374,-1.3596375,-0.91963744,-0.51963747,-0.22963744,-0.11963745,-0.12963745,-0.20963745,-0.31963745,-0.35963744,-0.33963746,-0.27963746,-0.17963745,-0.05963745
-2.9396374,-3.2396374,-3.3496375,-3.3296375,-3.1996374,-2.8496375,-2.3796375,-1.8196374,-1.2296375,-0.6396375,-0.12963745,0.19036254,0.33036256,0.33036256,0.22036254,0.08036255,0.22036254,0.6303626,1.2503625,2.0003626,2.6903625,2.4803627,2.1903625,2.1903625,2.4303625,2.8103626,2.7303627,2.2703626,1.5703626,0.8103626,0.10036255,-0.40963745,-0.76963747,-1.0196375,-1.2096374,-1.3996375,-1.6096375,-1.8296374,-2.0096374,-2.0596375,-2.1096375,-2.2796373,-2.3796375,-2.3696375,-2.3696375,-2.1696374,-1.7696375,-1.3196374,-0.92963743,-0.65963745,-0.54963744,-0.5596374,-0.6396375,-0.7596375,-0.83963746,-0.83963746,-0.76963747,-0.65963745,-0.5096375
-2.8196375,-3.3796375,-3.9096375,-4.2796373,-4.4196377,-4.4296374,-4.2596374,-3.9296374,-3.4596374,-2.8696375,-2.1696374,-1.5596374,-1.0796374,-0.7496374,-0.54963744,-0.46963745,-0.20963745,0.24036255,0.8703625,1.6303625,2.3803625,2.2503626,2.0203626,2.0503626,2.3003626,2.6403625,2.3703625,1.8003626,1.1203625,0.42036256,-0.19963746,-0.64963746,-0.91963744,-1.0596374,-1.1596375,-1.2796375,-1.4296374,-1.6296375,-1.8496375,-1.9096375,-1.9196374,-1.9896375,-2.0696375,-2.0796375,-1.9696374,-1.7796375,-1.5596374,-1.2996374,-1.0396374,-0.85963744,-0.79963744,-0.82963747,-0.9496375,-1.1196375,-1.2296375,-1.2796375,-1.2596375,-1.1796374,-1.0496374
-2.3596375,-2.8096375,-3.3496375,-3.9196374,-4.4696374,-4.8296375,-5.0496373,-5.0896373,-4.9296374,-4.5596375,-3.8896375,-3.1596375,-2.4796374,-1.8896375,-1.4096375,-1.0796374,-0.6996375,-0.18963745,0.45036256,1.2003626,1.9703625,2.1303625,2.1403625,2.1903625,2.2703626,2.2703626,1.8403625,1.2303625,0.59036255,-0.01963745,-0.5096375,-0.79963744,-0.9396374,-0.96963745,-0.98963743,-1.0396374,-1.1296375,-1.2696375,-1.4196374,-1.4896375,-1.4896375,-1.4896375,-1.4896375,-1.4496374,-1.2996374,-1.1396375,-1.0296375,-0.90963745,-0.8096374,-0.73963743,-0.77963746,-0.89963746,-1.0996375,-1.3196374,-1.4796375,-1.5696374,-1.6096375,-1.5796374,-1.5096375
-1.8696375,-2.0296373,-2.2796373,-2.7696373,-3.5496376,-4.2396374,-4.7996373,-5.1796374,-5.3596373,-5.3096375,-4.8396373,-4.1796374,-3.4596374,-2.7596374,-2.1296375,-1.6196375,-1.1396375,-0.59963745,0.020362549,0.71036255,1.4403626,1.9403626,2.2203627,2.3003626,2.1803625,1.8103626,1.2803626,0.6903626,0.13036256,-0.34963745,-0.65963745,-0.76963747,-0.76963747,-0.70963746,-0.64963746,-0.6196374,-0.6396375,-0.6896374,-0.76963747,-0.82963747,-0.83963746,-0.79963744,-0.71963745,-0.6196374,-0.52963746,-0.42963746,-0.31963745,-0.25963745,-0.26963747,-0.30963746,-0.45963746,-0.6896374,-0.97963744,-1.2596375,-1.4796375,-1.6296375,-1.7196374,-1.7496375,-1.7296375
-1.2896374,-1.3996375,-1.5496374,-1.7396375,-2.0396376,-3.0896375,-3.8496375,-4.4096375,-4.7896376,-4.9896374,-4.7996373,-4.3396373,-3.7496374,-3.1096375,-2.4796374,-1.9296374,-1.4396374,-0.9496375,-0.41963744,0.16036254,0.77036256,1.2503625,1.5303626,1.6003625,1.5003625,1.1803626,0.7403625,0.28036255,-0.12963745,-0.42963746,-0.5696375,-0.5596374,-0.44963744,-0.27963746,-0.13963746,-0.03963745,0.00036254883,-0.009637451,-0.03963745,-0.04963745,-0.02963745,0.040362548,0.13036256,0.25036255,0.34036255,0.43036255,0.49036255,0.5003626,0.44036254,0.32036254,0.12036255,-0.13963746,-0.46963745,-0.82963747,-1.1296375,-1.3396374,-1.4796375,-1.5496374,-1.5696374
