src/data/gfs/20180402-japan-10m-above-ground-wind/20180402-wind.json
{"header": {"discipline":0,"disciplineName":"Meteorological products","gribEdition":2,"gribLength":42853,"center":7,"centerName":"US National Weather Service - NCEP(WMC)","subcenter":0,"refTime":"2018-04-02T12:00:00.000Z","significanceOfRT":1,"significanceOfRTName":"Start of forecast","productStatus":0,"productStatusName":"Operational products","productType":1,"productTypeName":"Forecast products","productDefinitionTemplate":0,"productDefinitionTemplateName":"Analysis/forecast at horizontal level/layer at a point in time","parameterCategory":2,"parameterCategoryName":"Momentum","parameterNumber":2,"parameterNumberName":"U-component_of_wind","parameterUnit":"m.s-1","genProcessType":2,"genProcessTypeName":"Forecast","forecastTime":384,"surface1Type":103,"surface1TypeName":"Specified height level above ground","surface1Value":10,"surface2Type":255,"surface2TypeName":"Missing","surface2Value":0,"gridDefinitionTemplate":0,"gridDefinitionTemplateName":"Latitude_Longitude","numberPoints":28449,"shape":6,"shapeName":"Earth spherical with radius of 6,371,229.0 m","gridUnits":"degrees","resolution":48,"winds":"true","scanMode":64,"nx":261,"ny":109,"basicAngle":0,"lo1":107,"la1":20,"lo2":172,"la2":47,"dx":0.25,"dy":0.25}, "data":
[rows 0 to 24 of 109, columns 116 to 173 of 261]
-7.3973045,-7.2373047,-7.347305,-7.3373046,-7.3173046,-7.307305,-7.1773047,-7.2273045,-7.2373047,-7.267305,-7.3573046,-7.5273046,-7.5473046,-7.517305,-7.497305,-7.5073047,-7.557305,-7.5673046,-7.617305,-7.7173047,-7.827305,-7.8973045,-7.9473047,-7.997305,-8.087305,-8.217304,-8.427304,-8.697305,-8.947305,-9.127305,-9.197305,-9.177304,-9.097304,-9.017304,-8.947305,-8.897305,-8.857305,-8.797305,-8.737305,-8.647305,-8.557304,-8.467304,-8.487305,-8.657305,-8.877305,-9.087305,-9.227304,-9.207305,-9.117305,-8.987305,-8.847304,-8.727304,-8.597304,-8.487305,-8.407305,-8.347304,-8.347304,-8.377305
-7.0873046,-6.9573045,-7.1673045,-7.2573047,-7.287305,-7.2773046,-7.1673045,-7.157305,-7.1473045,-7.1473045,-7.1973047,-7.307305,-7.3573046,-7.347305,-7.347305,-7.387305,-7.4573045,-7.497305,-7.557305,-7.6473045,-7.7373047,-7.807305,-7.8573046,-7.9473047,-8.087305,-8.267304,-8.497305,-8.767304,-8.977304,-9.117305,-9.157305,-9.127305,-9.057304,-8.987305,-8.927304,-8.877305,-8.837305,-8.787305,-8.727304,-8.657305,-8.567305,-8.497305,-8.517304,-8.677304,-8.887304,-9.087305,-9.197305,-9.177304,-9.077305,-8.947305,-8.797305,-8.677304,-8.557304,-8.447305,-8.357305,-8.307304,-8.297305,-8.327305
-6.847305,-6.7373047,-6.9273047,-7.1273046,-7.2973046,-7.3773046,-7.247305,-7.1473045,-7.0873046,-7.0673046,-7.0873046,-7.157305,-7.1673045,-7.157305,-7.157305,-7.1673045,-7.1673045,-7.1973047,-7.307305,-7.4573045,-7.5873046,-7.637305,-7.6873045,-7.807305,-7.9873047,-8.197305,-8.4373045,-8.707305,-8.907305,-9.017304,-9.047305,-9.017304,-8.967304,-8.907305,-8.847304,-8.807304,-8.777305,-8.747305,-8.707305,-8.647305,-8.557304,-8.477304,-8.537305,-8.667305,-8.857305,-9.037305,-9.147305,-9.097304,-8.997305,-8.867305,-8.737305,-8.617305,-8.507305,-8.407305,-8.317305,-8.257305,-8.237305,-8.247305
-6.907305,-6.8573046,-6.9773045,-7.157305,-7.307305,-7.367305,-7.2973046,-7.3573046,-7.247305,-7.1273046,-7.077305,-7.0673046,-7.077305,-7.037305,-6.9673047,-6.8773046,-6.847305,-6.997305,-7.117305,-7.2273045,-7.3173046,-7.3373046,-7.2773046,-7.407305,-7.6073046,-7.8373046,-8.117305,-8.4373045,-8.707305,-8.857305,-8.887304,-8.887304,-8.827305,-8.767304,-8.727304,-8.707305,-8.677304,-8.667305,-8.657305,-8.607305,-8.517304,-8.4373045,-8.467304,-8.587305,-8.747305,-8.917305,-9.017304,-8.977304,-8.877305,-8.767304,-8.657305,-8.537305,-8.447305,-8.347304,-8.267304,-8.197305,-8.177304,-8.177304
-7.0673046,-7.017305,-7.137305,-7.3373046,-7.5073047,-7.5873046,-7.517305,-7.4773045,-7.367305,-7.247305,-7.1673045,-7.0873046,-7.077305,-7.0273046,-6.9273047,-6.807305,-6.7573047,-6.8973045,-6.9773045,-6.997305,-6.9873047,-6.997305,-7.0273046,-7.1773047,-7.407305,-7.6673045,-7.9173045,-8.227304,-8.487305,-8.607305,-8.637304,-8.737305,-8.677304,-8.617305,-8.577305,-8.557304,-8.567305,-8.577305,-8.577305,-8.537305,-8.467304,-8.397305,-8.397305,-8.497305,-8.637304,-8.777305,-8.847304,-8.807304,-8.737305,-8.637304,-8.537305,-8.4373045,-8.367305,-8.277305,-8.207305,-8.157305,-8.147305,-8.147305
-7.2573047,-7.157305,-7.2973046,-7.517305,-7.747305,-7.9173045,-7.887305,-7.7073045,-7.517305,-7.3573046,-7.2273045,-7.157305,-7.1273046,-7.037305,-6.9173045,-6.7973046,-6.7273045,-6.7773046,-6.807305,-6.807305,-6.7773046,-6.787305,-6.8573046,-7.017305,-7.287305,-7.6073046,-7.8973045,-8.047305,-8.247305,-8.407305,-8.497305,-8.547305,-8.497305,-8.447305,-8.407305,-8.387304,-8.397305,-8.4373045,-8.457305,-8.447305,-8.407305,-8.337305,-8.337305,-8.417305,-8.527305,-8.637304,-8.667305,-8.637304,-8.577305,-8.497305,-8.407305,-8.327305,-8.267304,-8.207305,-8.147305,-8.107305,-8.097304,-8.107305
-7.3773046,-7.2373047,-7.3973045,-7.6473045,-7.9373045,-8.157305,-8.117305,-7.867305,-7.6473045,-7.4573045,-7.2973046,-7.2173047,-7.1773047,-7.0873046,-6.9873047,-6.887305,-6.807305,-6.767305,-6.7573047,-6.747305,-6.747305,-6.767305,-6.847305,-6.9873047,-7.2073045,-7.4773045,-7.7573047,-7.8773046,-8.077305,-8.277305,-8.377305,-8.367305,-8.327305,-8.267304,-8.217304,-8.1873045,-8.207305,-8.267304,-8.317305,-8.337305,-8.327305,-8.297305,-8.297305,-8.357305,-8.427304,-8.487305,-8.497305,-8.467304,-8.417305,-8.347304,-8.277305,-8.227304,-8.167305,-8.107305,-8.067305,-8.037305,-8.047305,-8.067305
-7.3973045,-7.287305,-7.4473047,-7.7073045,-8.007305,-8.197305,-8.127305,-7.8973045,-7.7173047,-7.557305,-7.407305,-7.287305,-7.2273045,-7.1773047,-7.137305,-7.097305,-7.037305,-6.9573045,-6.907305,-6.907305,-6.9273047,-6.9673047,-7.037305,-7.1073046,-7.1773047,-7.267305,-7.4473047,-7.7073045,-7.9773045,-8.167305,-8.227304,-8.217304,-8.157305,-8.087305,-8.027305,-7.997305,-8.017304,-8.087305,-8.157305,-8.207305,-8.237305,-8.267304,-8.277305,-8.307304,-8.327305,-8.347304,-8.337305,-8.307304,-8.267304,-8.227304,-8.167305,-8.117305,-8.067305,-8.007305,-7.9773045,-7.9673047,-7.997305,-8.017304
-7.4173045,-7.4473047,-7.577305,-7.7373047,-7.9373045,-8.117305,-8.147305,-7.9473047,-7.787305,-7.6473045,-7.517305,-7.4473047,-7.407305,-7.367305,-7.3373046,-7.327305,-7.3173046,-7.2773046,-7.267305,-7.287305,-7.3173046,-7.327305,-7.3173046,-7.3173046,-7.2973046,-7.287305,-7.367305,-7.5673046,-7.767305,-7.9573045,-8.077305,-8.077305,-8.007305,-7.9173045,-7.8573046,-7.827305,-7.827305,-7.907305,-7.997305,-8.077305,-8.137304,-8.1873045,-8.227304,-8.247305,-8.257305,-8.237305,-8.197305,-8.177304,-8.157305,-8.127305,-8.077305,-8.017304,-7.9573045,-7.9173045,-7.887305,-7.867305,-7.8773046,-7.8973045
-7.3173046,-7.367305,-7.4573045,-7.6073046,-7.767305,-7.8773046,-7.867305,-7.7373047,-7.6273046,-7.537305,-7.4673047,-7.387305,-7.387305,-7.4173045,-7.4273047,-7.4273047,-7.4173045,-7.4273047,-7.4273047,-7.4673047,-7.5273046,-7.5873046,-7.577305,-7.537305,-7.4573045,-7.3773046,-7.387305,-7.597305,-7.767305,-7.847305,-7.867305,-7.9373045,-7.867305,-7.787305,-7.7273045,-7.7073045,-7.6973047,-7.767305,-7.847305,-7.9273047,-7.997305,-8.067305,-8.107305,-8.127305,-8.117305,-8.087305,-8.057304,-8.027305,-8.007305,-7.9773045,-7.9373045,-7.887305,-7.8373046,-7.7973046,-7.767305,-7.747305,-7.7373047,-7.7373047
-7.1773047,-7.2173047,-7.287305,-7.4173045,-7.5473046,-7.637305,-7.657305,-7.557305,-7.4873047,-7.4373045,-7.3973045,-7.3373046,-7.367305,-7.3973045,-7.407305,-7.3973045,-7.407305,-7.4673047,-7.5073047,-7.557305,-7.6073046,-7.657305,-7.657305,-7.6073046,-7.517305,-7.4273047,-7.4373045,-7.597305,-7.7373047,-7.7773046,-7.7273045,-7.7173047,-7.7073045,-7.6673045,-7.617305,-7.577305,-7.577305,-7.637305,-7.7073045,-7.787305,-7.847305,-7.907305,-7.9473047,-7.9673047,-7.9573045,-7.9273047,-7.887305,-7.867305,-7.847305,-7.8173046,-7.787305,-7.747305,-7.7073045,-7.6673045,-7.637305,-7.617305,-7.597305,-7.577305
-6.9573045,-7.037305,-7.1073046,-7.2073045,-7.3373046,-7.4373045,-7.497305,-7.4473047,-7.3973045,-7.3573046,-7.327305,-7.307305,-7.3373046,-7.347305,-7.347305,-7.347305,-7.387305,-7.4573045,-7.517305,-7.5873046,-7.6273046,-7.657305,-7.6273046,-7.577305,-7.497305,-7.4273047,-7.4173045,-7.497305,-7.597305,-7.6473045,-7.6273046,-7.557305,-7.5873046,-7.557305,-7.517305,-7.4773045,-7.4873047,-7.5273046,-7.5873046,-7.637305,-7.6873045,-7.7373047,-7.767305,-7.787305,-7.7773046,-7.7573047,-7.7273045,-7.7073045,-7.6873045,-7.6773047,-7.6473045,-7.6073046,-7.5673046,-7.537305,-7.5073047,-7.4873047,-7.4773045,-7.4473047
-6.6973047,-6.847305,-6.9273047,-7.0473046,-7.1773047,-7.287305,-7.3573046,-7.387305,-7.3373046,-7.2973046,-7.287305,-7.2773046,-7.2773046,-7.287305,-7.2973046,-7.3173046,-7.3773046,-7.4373045,-7.4673047,-7.5273046,-7.5873046,-7.6073046,-7.537305,-7.4673047,-7.3973045,-7.327305,-7.267305,-7.287305,-7.3373046,-7.4173045,-7.4873047,-7.497305,-7.497305,-7.4773045,-7.4373045,-7.407305,-7.4173045,-7.4373045,-7.4673047,-7.497305,-7.5273046,-7.557305,-7.5873046,-7.597305,-7.597305,-7.5873046,-7.5673046,-7.5673046,-7.5673046,-7.5473046,-7.5273046,-7.4773045,-7.4373045,-7.3973045,-7.3773046,-7.367305,-7.347305,-7.3173046
-6.497305,-6.6273046,-6.747305,-6.9173045,-7.0673046,-7.157305,-7.2273045,-7.2073045,-7.2573047,-7.2573047,-7.2073045,-7.1673045,-7.137305,-7.157305,-7.1873045,-7.247305,-7.327305,-7.3773046,-7.3773046,-7.3773046,-7.367305,-7.347305,-7.2773046,-7.2073045,-7.1273046,-7.057305,-6.9873047,-6.9773045,-6.9873047,-7.037305,-7.157305,-7.3373046,-7.3773046,-7.3773046,-7.3573046,-7.3373046,-7.3373046,-7.3373046,-7.3373046,-7.347305,-7.3573046,-7.3773046,-7.387305,-7.4173045,-7.4273047,-7.4373045,-7.4573045,-7.4673047,-7.4673047,-7.4473047,-7.3973045,-7.347305,-7.2973046,-7.2573047,-7.2273045,-7.2173047,-7.1973047,-7.1973047
-6.4373045,-6.6073046,-6.807305,-6.9573045,-7.017305,-7.0473046,-7.1473045,-7.1273046,-7.1273046,-7.1073046,-7.077305,-7.0273046,-7.057305,-7.0673046,-7.0873046,-7.1473045,-7.2073045,-7.2073045,-7.1973047,-7.1773047,-7.157305,-7.1273046,-7.037305,-6.9273047,-6.847305,-6.767305,-6.6873045,-6.637305,-6.657305,-6.747305,-6.887305,-7.0073047,-7.1273046,-7.247305,-7.2973046,-7.267305,-7.247305,-7.2373047,-7.247305,-7.2573047,-7.2573047,-7.2573047,-7.267305,-7.287305,-7.3173046,-7.3573046,-7.3773046,-7.3973045,-7.387305,-7.3573046,-7.2973046,-7.2373047,-7.157305,-7.0873046,-7.037305,-6.997305,-6.9873047,-7.017305
-6.4573045,-6.637305,-6.827305,-6.997305,-7.097305,-7.1073046,-7.117305,-7.137305,-7.137305,-7.097305,-7.0073047,-6.9173045,-6.9373045,-6.9473047,-6.9673047,-7.017305,-7.0673046,-7.0673046,-7.037305,-6.997305,-6.9273047,-6.867305,-6.7773046,-6.6773047,-6.577305,-6.497305,-6.3973045,-6.3573046,-6.3573046,-6.4273047,-6.5673046,-6.7773046,-7.0073047,-7.1673045,-7.2273045,-7.1973047,-7.1773047,-7.157305,-7.157305,-7.157305,-7.157305,-7.1473045,-7.1673045,-7.1973047,-7.247305,-7.2973046,-7.3373046,-7.3573046,-7.347305,-7.307305,-7.2273045,-7.1273046,-7.017305,-6.9173045,-6.8373046,-6.787305,-6.787305,-6.827305
-6.4473047,-6.637305,-6.847305,-7.0473046,-7.1673045,-7.1973047,-7.1473045,-7.117305,-7.077305,-6.9873047,-6.867305,-6.7573047,-6.747305,-6.7573047,-6.787305,-6.8573046,-6.9173045,-6.9273047,-6.887305,-6.8173046,-6.7273045,-6.6273046,-6.5473046,-6.4673047,-6.387305,-6.2973046,-6.1973047,-6.117305,-6.097305,-6.1473045,-6.307305,-6.577305,-6.827305,-7.0073047,-7.097305,-7.097305,-7.077305,-7.057305,-7.0473046,-7.057305,-7.0673046,-7.0673046,-7.0873046,-7.1273046,-7.1873045,-7.2573047,-7.307305,-7.327305,-7.3173046,-7.267305,-7.1673045,-7.0273046,-6.867305,-6.7373047,-6.637305,-6.577305,-6.557305,-6.6073046
-6.3173046,-6.5273046,-6.8173046,-7.0273046,-7.137305,-7.1773047,-7.1473045,-7.017305,-6.867305,-6.7173047,-6.6073046,-6.5073047,-6.4773045,-6.497305,-6.557305,-6.637305,-6.7573047,-6.7773046,-6.7273045,-6.637305,-6.5473046,-6.4473047,-6.3773046,-6.327305,-6.267305,-6.1973047,-6.0873046,-5.9373045,-5.8773046,-5.9373045,-6.097305,-6.327305,-6.497305,-6.7173047,-6.867305,-6.9273047,-6.9373045,-6.9273047,-6.9273047,-6.9473047,-6.9673047,-6.9873047,-7.0273046,-7.077305,-7.1473045,-7.2173047,-7.267305,-7.2773046,-7.267305,-7.1973047,-7.0873046,-6.9173045,-6.7373047,-6.577305,-6.4573045,-6.3773046,-6.3373046,-6.367305
-6.037305,-6.2073045,-6.5073047,-6.7173047,-6.887305,-6.9773045,-6.907305,-6.847305,-6.7173047,-6.5473046,-6.367305,-6.1873045,-6.157305,-6.2073045,-6.2973046,-6.407305,-6.5073047,-6.5673046,-6.5673046,-6.4873047,-6.387305,-6.2973046,-6.2773046,-6.2573047,-6.2073045,-6.1073046,-5.9773045,-5.8573046,-5.7373047,-5.7073045,-5.807305,-6.0473046,-6.1273046,-6.3173046,-6.5273046,-6.6973047,-6.747305,-6.7573047,-6.787305,-6.827305,-6.867305,-6.907305,-6.9673047,-7.037305,-7.1073046,-7.1773047,-7.1973047,-7.2073045,-7.1673045,-7.0873046,-6.9573045,-6.787305,-6.6073046,-6.4473047,-6.3173046,-6.2173047,-6.157305,-6.1773047
-5.6773047,-5.9373045,-6.2573047,-6.4773045,-6.657305,-6.7773046,-6.7773046,-6.7773046,-6.617305,-6.407305,-6.1873045,-5.9873047,-5.997305,-6.077305,-6.1873045,-6.3173046,-6.4573045,-6.5473046,-6.557305,-6.4873047,-6.347305,-6.2173047,-6.2273045,-6.267305,-6.287305,-6.247305,-6.137305,-5.9873047,-5.827305,-5.7373047,-5.7173047,-5.787305,-5.8573046,-5.9773045,-6.1273046,-6.307305,-6.4873047,-6.557305,-6.6273046,-6.6973047,-6.7573047,-6.827305,-6.9173045,-6.9873047,-7.0473046,-7.1073046,-7.117305,-7.0873046,-7.037305,-6.9573045,-6.827305,-6.6673045,-6.497305,-6.3373046,-6.1973047,-6.0873046,-6.0273046,-6.0273046
-5.347305,-5.617305,-5.9573045,-6.2073045,-6.407305,-6.537305,-6.557305,-6.5273046,-6.3573046,-6.157305,-5.9873047,-5.847305,-5.887305,-6.017305,-6.1773047,-6.327305,-6.4773045,-6.537305,-6.517305,-6.4173045,-6.2773046,-6.157305,-6.1873045,-6.247305,-6.307305,-6.307305,-6.2273045,-6.0673046,-5.8973045,-5.767305,-5.6873045,-5.6973047,-5.6873045,-5.7273045,-5.8173046,-5.9573045,-6.157305,-6.327305,-6.4573045,-6.577305,-6.6873045,-6.787305,-6.8573046,-6.9273047,-6.9773045,-6.997305,-7.0073047,-6.9673047,-6.907305,-6.807305,-6.6773047,-6.517305,-6.3573046,-6.2073045,-6.0873046,-5.9773045,-5.907305,-5.907305
-5.0873046,-5.347305,-5.6773047,-5.9473047,-6.1473045,-6.267305,-6.287305,-6.1973047,-6.057305,-5.9173045,-5.8173046,-5.7773046,-5.8773046,-6.037305,-6.2173047,-6.3573046,-6.4573045,-6.4673047,-6.407305,-6.287305,-6.1273046,-6.0073047,-6.0473046,-6.157305,-6.267305,-6.3173046,-6.247305,-6.1073046,-5.9473047,-5.7973046,-5.6873045,-5.657305,-5.5873046,-5.5673046,-5.5873046,-5.6673045,-5.8773046,-6.097305,-6.287305,-6.4773045,-6.6473045,-6.767305,-6.8373046,-6.887305,-6.907305,-6.8973045,-6.887305,-6.8373046,-6.767305,-6.657305,-6.537305,-6.387305,-6.2273045,-6.097305,-5.9773045,-5.867305,-5.787305,-5.7773046
-4.907305,-5.1673045,-5.4673047,-5.7073045,-5.887305,-5.9873047,-5.9873047,-5.8773046,-5.787305,-5.7273045,-5.7073045,-5.767305,-5.9373045,-6.1073046,-6.2573047,-6.3573046,-6.3773046,-6.327305,-6.2373047,-6.097305,-5.9273047,-5.7973046,-5.847305,-6.0073047,-6.1773047,-6.267305,-6.2073045,-6.1073046,-5.9773045,-5.827305,-5.6873045,-5.597305,-5.5273046,-5.4773045,-5.4373045,-5.4673047,-5.7073045,-5.9273047,-6.1673045,-6.4173045,-6.6473045,-6.7773046,-6.847305,-6.8773046,-6.867305,-6.827305,-6.7973046,-6.7273045,-6.6273046,-6.5273046,-6.407305,-6.2773046,-6.1273046,-5.997305,-5.867305,-5.7573047,-5.657305,-5.6673045
-4.7973046,-5.037305,-5.287305,-5.4873047,-5.6273046,-5.7073045,-5.6773047,-5.597305,-5.557305,-5.5673046,-5.6473045,-5.767305,-5.9573045,-6.117305,-6.2173047,-6.2573047,-6.2573047,-6.1873045,-6.0873046,-5.9673047,-5.827305,-5.7373047,-5.807305,-5.9173045,-6.0073047,-6.0673046,-6.1073046,-6.097305,-5.9773045,-5.8173046,-5.657305,-5.577305,-5.4573045,-5.4273047,-5.407305,-5.3973045,-5.537305,-5.9173045,-6.2373047,-6.4773045,-6.6673045,-6.847305,-6.907305,-6.9373045,-6.8973045,-6.827305,-6.7573047,-6.6673045,-6.557305,-6.4273047,-6.307305,-6.1873045,-6.057305,-5.9273047,-5.807305,-5.6973047,-5.617305,-5.617305
-4.7573047,-4.9773045,-5.157305,-5.287305,-5.3773046,-5.4173045,-5.387305,-5.3373046,-5.3373046,-5.387305,-5.4773045,-5.617305,-5.7773046,-5.9173045,-6.017305,-6.0673046,-6.077305,-6.037305,-5.9773045,-5.9173045,-5.8573046,-5.8373046,-5.8573046,-5.8773046,-5.887305,-5.887305,-5.8773046,-5.8573046,-5.7973046,-5.6773047,-5.5273046,-5.407305,-5.3373046,-5.307305,-5.287305,-5.3173046,-5.4873047,-5.867305,-6.1873045,-6.4573045,-6.6673045,-6.8773046,-6.9473047,-6.9573045,-6.9173045,-6.8373046,-6.747305,-6.6273046,-6.4873047,-6.3373046,-6.1873045,-6.0673046,-5.9673047,-5.867305,-5.767305,-5.657305,-5.5873046,-5.557305
