src/data/gfs/20180402-japan-10m-above-ground-wind/20180402-wind.json
{"header": {"discipline":0,"disciplineName":"Meteorological products","gribEdition":2,"gribLength":42853,"center":7,"centerName":"US National Weather Service - NCEP(WMC)","subcenter":0,"refTime":"2018-04-02T12:00:00.000Z","significanceOfRT":1,"significanceOfRTName":"Start of forecast","productStatus":0,"productStatusName":"Operational products","productType":1,"productTypeName":"Forecast products","productDefinitionTemplate":0,"productDefinitionTemplateName":"Analysis/forecast at horizontal level/layer at a point in time","parameterCategory":2,"parameterCategoryName":"Momentum","parameterNumber":3,"parameterNumberName":"V-component_of_wind","parameterUnit":"m.s-1","genProcessType":2,"genProcessTypeName":"Forecast","forecastTime":384,"surface1Type":103,"surface1TypeName":"Specified height level above ground","surface1Value":10,"surface2Type":255,"surface2TypeName":"Missing","surface2Value":0,"gridDefinitionTemplate":0,"gridDefinitionTemplateName":"Latitude_Longitude","numberPoints":28449,"shape":6,"shapeName":"Earth spherical with radius of 6,371,229.0 m","gridUnits":"degrees","resolution":48,"winds":"true","scanMode":64,"nx":261,"ny":109,"basicAngle":0,"lo1":107,"la1":20,"lo2":172,"la2":47,"dx":0.25,"dy":0.25}, "data":
[rows 78 to 103 of 109, columns 59 to 117 of 261]
-6.2296376,-5.4596376,-5.4496374,-5.5196376,-6.8396373,-8.379638,-9.499638,-9.969638,-9.919638,-8.489637,-6.2096376,-3.6096375,-1.1396375,0.8003625,1.5403626,1.3903625,0.7503626,0.020362549,-0.44963744,-0.66963744,-0.8196375,-0.97963744,-1.2296375,-1.6296375,-1.9196374,-2.3296375,-2.7796373,-3.1996374,-3.5696375,-3.8496375,-4.0896373,-4.2896376,-4.4696374,-4.6196375,-4.7196374,-4.7696376,-4.7796373,-4.7496376,-4.6696377,-4.5196376,-4.3396373,-4.1396375,-3.9296374,-3.7296374,-3.5696375,-3.4296374,-3.3396375,-3.2996376,-3.2896376,-3.3196375,-3.3596375,-3.4196374,-3.4796374,-3.5596375,-3.6496375,-3.7696373,-3.9296374,-4.1196375,-4.3596373
-7.0596375,-5.8696375,-5.0996375,-4.9396377,-5.4996376,-6.3796372,-7.4196377,-8.489637,-9.529637,-8.839638,-7.0696373,-4.9096375,-2.8296375,-1.1196375,-0.02963745,0.51036257,0.58036256,0.36036256,0.15036255,0.010362549,-0.08963745,-0.18963745,-0.31963745,-0.52963746,-0.9396374,-1.3696375,-1.7996374,-2.1996374,-2.5596375,-2.8796375,-3.1896374,-3.4496374,-3.6296375,-3.7496374,-3.8396375,-3.8896375,-3.9196374,-3.9296374,-3.9196374,-3.8496375,-3.7496374,-3.6196375,-3.4496374,-3.2496374,-3.0496376,-2.8396375,-2.6596375,-2.5296373,-2.4296374,-2.3896375,-2.3796375,-2.3896375,-2.4296374,-2.4796374,-2.5596375,-2.6596375,-2.7796373,-2.9396374,-3.1196375
-7.8396373,-6.8296375,-5.7196374,-5.0596375,-5.1396375,-5.6696377,-6.3496375,-7.0396376,-7.6896377,-7.4896374,-6.6996374,-5.5296373,-4.1896377,-2.8396375,-1.8296374,-1.0896374,-0.58963746,-0.26963747,0.00036254883,0.12036255,0.16036254,0.12036255,-0.01963745,-0.21963745,-0.5096375,-0.76963747,-1.0396374,-1.3396374,-1.6396375,-1.9596374,-2.2696373,-2.5296373,-2.7396374,-2.8896375,-2.9896374,-3.0496376,-3.0696375,-3.0696375,-3.0496376,-3.0196373,-2.9896374,-2.9496374,-2.8896375,-2.7696373,-2.5896375,-2.3896375,-2.1896374,-2.0096374,-1.8596375,-1.7796375,-1.7296375,-1.7296375,-1.7496375,-1.7896374,-1.8496375,-1.9196374,-1.9896375,-2.0796375,-2.1996374
-8.109637,-7.4596376,-6.4896374,-5.6796374,-5.4796376,-5.6696377,-5.8496375,-5.8896375,-5.9196377,-5.9996376,-5.9996376,-5.7796373,-5.2296376,-4.2796373,-3.4696374,-2.6696374,-1.9096375,-1.2496375,-0.7496374,-0.37963745,-0.18963745,-0.16963746,-0.29963744,-0.49963745,-0.65963745,-0.73963743,-0.8196375,-0.9496375,-1.1796374,-1.4496374,-1.6496375,-1.8096374,-1.9496374,-2.0796375,-2.1896374,-2.2596374,-2.2796373,-2.2396374,-2.1796374,-2.1196375,-2.0896375,-2.0796375,-2.0896375,-2.0796375,-1.9796375,-1.8296374,-1.6596375,-1.4896375,-1.3496375,-1.2596375,-1.1996374,-1.1896374,-1.2096374,-1.2396375,-1.2996374,-1.3396374,-1.3796375,-1.4096375,-1.4496374
-7.7696376,-7.4396377,-6.8096375,-6.2196374,-5.9296374,-5.8696375,-5.649637,-5.2596374,-5.0196376,-5.0996375,-5.3496375,-5.6596375,-5.7796373,-5.3096375,-4.6396375,-3.8296375,-2.9796374,-2.2296374,-1.7296375,-1.2596375,-0.9996374,-0.90963745,-0.96963745,-1.0996375,-1.1696374,-1.1396375,-1.0996375,-1.0996375,-1.2296375,-1.3896375,-1.3896375,-1.3496375,-1.3196374,-1.3496375,-1.4596374,-1.5596374,-1.5996375,-1.5696374,-1.4496374,-1.2996374,-1.1896374,-1.1296375,-1.1296375,-1.1596375,-1.1496375,-1.0796374,-0.97963744,-0.85963744,-0.7496374,-0.67963743,-0.6396375,-0.6196374,-0.64963746,-0.6896374,-0.73963743,-0.77963746,-0.8096374,-0.8096374,-0.79963744
-6.9796376,-6.8196373,-6.2996373,-5.7796373,-5.6196375,-5.7296376,-5.649637,-5.3196373,-5.0996375,-4.8296375,-4.6996374,-4.9596376,-5.4596376,-5.7096376,-5.1296372,-4.4496374,-3.7596374,-3.0796375,-2.3596375,-2.0896375,-1.8796375,-1.7396375,-1.6496375,-1.6096375,-1.5896374,-1.5596374,-1.5696374,-1.5896374,-1.5896374,-1.4796375,-1.2896374,-1.0296375,-0.78963745,-0.6896374,-0.79963744,-0.97963744,-1.1496375,-1.1996374,-1.0496374,-0.78963745,-0.5596374,-0.37963745,-0.24963745,-0.18963745,-0.18963745,-0.17963745,-0.14963745,-0.09963745,-0.03963745,0.010362549,0.030362548,0.030362548,0.00036254883,-0.04963745,-0.09963745,-0.14963745,-0.17963745,-0.19963746,-0.19963746
-5.2796373,-5.3796372,-5.3796372,-5.3796372,-5.4696374,-5.5896373,-5.2996373,-4.6896377,-4.4396377,-4.1796374,-3.9696374,-3.9696374,-4.1796374,-4.4396377,-4.1396375,-3.8596375,-3.6196375,-3.3696375,-2.9896374,-2.8596375,-2.5096374,-2.1496375,-1.8996375,-1.7996374,-1.7496375,-1.8096374,-1.9096375,-1.9696374,-1.9496374,-1.7096374,-1.2896374,-0.76963747,-0.27963746,0.05036255,-0.009637451,-0.27963746,-0.6396375,-0.92963743,-0.9996374,-0.78963745,-0.51963747,-0.23963745,0.00036254883,0.19036254,0.27036256,0.33036256,0.38036254,0.44036254,0.48036253,0.5003626,0.5003626,0.48036253,0.45036256,0.40036255,0.36036256,0.31036255,0.28036255,0.25036255,0.25036255
-4.4596376,-4.7196374,-4.9096375,-5.0896373,-5.2696376,-5.399637,-5.2796373,-4.8796372,-4.3896375,-3.9596374,-3.6496375,-3.4996374,-3.5296373,-3.7196374,-3.7296374,-3.8396375,-3.9296374,-3.8196375,-3.2796373,-3.1296375,-2.7296374,-2.3096375,-2.0096374,-1.8896375,-1.9396374,-2.2296374,-2.3596375,-2.2296374,-1.9896375,-1.6396375,-1.1596375,-0.5696375,0.060362548,0.65036255,0.79036254,0.58036256,0.13036256,-0.40963745,-0.8196375,-0.84963745,-0.70963746,-0.47963744,-0.20963745,0.030362548,0.20036255,0.33036256,0.45036256,0.5603626,0.67036253,0.7503626,0.8003625,0.8003625,0.79036254,0.76036257,0.7403625,0.72036254,0.71036255,0.71036255,0.71036255
-4.0496373,-4.3796372,-4.649637,-4.8796372,-5.0696373,-5.2096376,-5.2296376,-5.0396376,-4.5196376,-3.9396374,-3.4596374,-3.1596375,-3.0596375,-3.1996374,-3.5696375,-3.9696374,-4.2096376,-4.0896373,-3.4096375,-3.1196375,-2.7096374,-2.3296375,-2.0896375,-2.0096374,-2.1096375,-2.3796375,-2.4196374,-2.1696374,-1.8196374,-1.4496374,-1.0396374,-0.52963746,0.12036255,0.95036256,1.4103626,1.4503626,1.0803626,0.42036256,-0.30963746,-0.6896374,-0.83963746,-0.8196375,-0.6896374,-0.49963745,-0.31963745,-0.12963745,0.08036255,0.30036256,0.5503625,0.77036256,0.9403626,1.0503626,1.0903625,1.1003625,1.1103625,1.1203625,1.1603626,1.2103626,1.2703625
-3.7296374,-4.0596375,-4.3596373,-4.6396375,-4.8296375,-4.9796376,-5.0296373,-4.9196377,-4.6196375,-4.0096374,-3.3696375,-2.9096375,-2.7396374,-2.8696375,-3.4596374,-3.9996374,-4.2596374,-4.1096373,-3.4796374,-2.9996374,-2.5896375,-2.2996376,-2.1396375,-2.1296375,-2.1996374,-2.2196374,-2.1096375,-1.8496375,-1.5296375,-1.2396375,-1.0096375,-0.67963743,-0.109637454,0.85036254,1.6803626,2.1103625,2.0303626,1.4503626,0.5503625,-0.15963745,-0.66963744,-0.98963743,-1.1296375,-1.1496375,-1.0596374,-0.8796375,-0.6196374,-0.27963746,0.15036255,0.59036255,0.98036253,1.2603625,1.4303626,1.5103625,1.5303626,1.5603626,1.6303625,1.7403625,1.8803625
-3.2896376,-3.5696375,-3.8796375,-4.2196374,-4.4496374,-4.6396375,-4.7596374,-4.7796373,-4.6396375,-4.149637,-3.5496376,-3.0596375,-2.8396375,-2.9896374,-3.3196375,-3.7896376,-4.0696373,-3.9796374,-3.5396376,-2.8596375,-2.4796374,-2.2696373,-2.1496375,-2.0896375,-2.0796375,-2.0396376,-1.8496375,-1.5196375,-1.2496375,-1.1296375,-1.1296375,-0.98963743,-0.54963744,0.33036256,1.4003625,2.2903626,2.6403625,2.3603625,1.6103625,0.7503626,-0.02963745,-0.6896374,-1.1996374,-1.5296375,-1.6796374,-1.6696374,-1.4596374,-1.0496374,-0.40963745,0.31036255,0.96036255,1.5003625,1.8703625,2.0603626,2.0503626,2.0703626,2.1303625,2.2403626,2.4303625
-2.7796373,-2.9996374,-3.2696373,-3.5796375,-3.7696373,-4.0096374,-4.2596374,-4.4596376,-4.5096374,-4.2596374,-3.9196374,-3.6196375,-3.4696374,-3.5396376,-3.6996374,-3.9496374,-4.1196375,-4.0896373,-3.7596374,-2.9396374,-2.5596375,-2.3696375,-2.2396374,-2.1596375,-2.1196375,-1.9596374,-1.6896374,-1.4096375,-1.2596375,-1.3196374,-1.4596374,-1.4596374,-1.1696374,-0.5596374,0.36036256,1.3103626,1.9803625,2.1903625,1.9403626,1.4103626,0.78036255,0.11036255,-0.54963744,-1.1796374,-1.6396375,-1.8896375,-1.8996375,-1.6196375,-0.9996374,-0.09963745,0.78036255,1.5603626,2.1803625,2.5703626,2.5903625,2.5703626,2.5603626,2.6003625,2.7303627
-2.1996374,-2.4496374,-2.7396374,-3.0396376,-3.2496374,-3.4896374,-3.7296374,-3.9596374,-4.1196375,-4.0496373,-3.8896375,-3.7296374,-3.6396375,-3.6496375,-3.7696373,-3.8996375,-3.9696374,-3.9096375,-3.6096375,-2.8096375,-2.4796374,-2.3596375,-2.2796373,-2.2396374,-2.1696374,-1.9696374,-1.7396375,-1.5496374,-1.4896375,-1.5996375,-1.7996374,-1.8996375,-1.7796375,-1.4496374,-0.84963745,-0.14963745,0.49036255,0.96036255,1.2003626,1.1803626,0.96036255,0.57036257,-0.009637451,-0.73963743,-1.4096375,-1.8996375,-2.1396375,-2.0696375,-1.6096375,-0.73963743,0.20036255,1.1203625,1.9503626,2.6003625,2.7903626,2.8503625,2.8503625,2.8403625,2.8903625
-1.4996375,-1.7596375,-2.0996375,-2.4596374,-2.7296374,-2.9796374,-3.2096374,-3.4196374,-3.5996375,-3.6296375,-3.5996375,-3.5696375,-3.5596375,-3.5996375,-3.6796374,-3.7196374,-3.6996374,-3.5996375,-3.3696375,-2.8796375,-2.5796375,-2.4396374,-2.3996375,-2.3996375,-2.3596375,-2.2096374,-2.0196373,-1.8696375,-1.8296374,-1.9996375,-2.3696375,-2.5696375,-2.4996374,-2.3296375,-1.9796375,-1.5096375,-1.0296375,-0.5696375,-0.07963745,0.26036254,0.41036254,0.35036254,0.05036255,-0.53963745,-1.1396375,-1.6296375,-1.9496374,-2.0296373,-1.8096374,-1.3596375,-0.65963745,0.21036255,1.1503625,2.0203626,2.5003626,2.7803626,2.9203625,2.9803627,3.0103626
-0.65963745,-0.8896375,-1.2496375,-1.6796374,-2.0596375,-2.3896375,-2.6596375,-2.8696375,-3.0396376,-3.1196375,-3.1796374,-3.2396374,-3.3096375,-3.4196374,-3.4496374,-3.4496374,-3.3796375,-3.2596374,-3.0796375,-2.9796374,-2.7996376,-2.6396375,-2.5796375,-2.6296375,-2.6696374,-2.6196375,-2.5196373,-2.3896375,-2.2796373,-2.4696374,-2.9596374,-3.2096374,-3.1296375,-3.0596375,-2.8696375,-2.5696375,-2.2696373,-1.9496374,-1.4196374,-0.97963744,-0.64963746,-0.45963746,-0.46963745,-0.7496374,-1.0996375,-1.3996375,-1.6396375,-1.7796375,-1.7896374,-1.8196374,-1.4996375,-0.8696374,-0.009637451,0.92036253,1.7403625,2.3503625,2.7603626,3.0203626,3.1403625
0.25036255,0.18036255,-0.14963745,-0.58963746,-1.0896374,-1.5596374,-1.9496374,-2.2396374,-2.4696374,-2.6396375,-2.7696373,-2.8496375,-2.9096375,-3.0096374,-3.0996375,-3.1496375,-3.0896375,-2.8996375,-2.5796375,-2.5796375,-2.7896376,-2.8396375,-2.7196374,-2.7996376,-2.9096375,-3.0196373,-3.1596375,-3.2096374,-2.9396374,-2.8996375,-2.9896374,-3.1196375,-3.2496374,-3.3596375,-3.3996375,-3.3696375,-3.2496374,-2.9596374,-2.3496375,-2.0196373,-1.7496375,-1.5196375,-1.3696375,-1.4096375,-1.6096375,-1.7896374,-1.9496374,-2.0596375,-2.1396375,-2.0496376,-1.8796375,-1.5696374,-1.0796374,-0.35963744,0.6803625,1.6003625,2.3603625,2.9403625,3.3103626
0.6803625,0.95036256,0.91036254,0.65036255,0.18036255,-0.37963745,-0.91963744,-1.3796375,-1.7596375,-2.0296373,-2.2296374,-2.3696375,-2.4696374,-2.5696375,-2.6496375,-2.7096374,-2.7296374,-2.6896374,-2.6196375,-2.4896374,-2.3896375,-2.4896374,-2.6996374,-2.5896375,-2.7696373,-3.0696375,-3.2396374,-3.1396375,-2.7396374,-2.6096375,-2.6396375,-2.7596374,-2.8496375,-2.6896374,-2.7796373,-2.9196374,-3.0196373,-3.0096374,-2.8196375,-2.6696374,-2.4796374,-2.2596374,-2.0496376,-1.9296374,-1.8996375,-1.9396374,-1.9996375,-2.0596375,-2.0696375,-2.0696375,-1.9896375,-1.8096374,-1.4996375,-1.0296375,-0.19963746,0.73036253,1.6703626,2.5203626,3.2103624
0.52036256,1.1503625,1.4803625,1.5303626,1.2503625,0.77036256,0.19036254,-0.40963745,-0.9496375,-1.3596375,-1.6696374,-1.8796375,-2.0196373,-2.1296375,-2.2096374,-2.2596374,-2.2796373,-2.2696373,-2.2596374,-2.2296374,-2.1996374,-2.2196374,-2.2596374,-2.2196374,-2.3296375,-2.4696374,-2.5296373,-2.4696374,-2.3296375,-2.3396375,-2.3896375,-2.4196374,-2.3896375,-2.2296374,-2.1696374,-2.1796374,-2.2496374,-2.3796375,-2.5796375,-2.6896374,-2.6796374,-2.5496376,-2.2696373,-1.8496375,-1.7396375,-1.7196374,-1.7396375,-1.7696375,-1.7696375,-1.8096374,-1.7896374,-1.7296375,-1.5996375,-1.4096375,-0.83963746,-0.08963745,0.7503626,1.6503625,2.5303626
-0.06963745,0.85036254,1.5503626,1.9803625,2.0003626,1.7303625,1.2203625,0.58036256,-0.04963745,-0.59963745,-1.0396374,-1.3496375,-1.5596374,-1.7096374,-1.7996374,-1.8496375,-1.8596375,-1.8496375,-1.8496375,-1.8996375,-1.9496374,-1.9196374,-1.8496375,-1.9196374,-1.9796375,-1.9996375,-1.9896375,-2.0096374,-2.1796374,-2.3096375,-2.3496375,-2.2596374,-2.0696375,-1.9296374,-1.7396375,-1.5996375,-1.5496374,-1.6296375,-1.9096375,-2.1896374,-2.3296375,-2.2996376,-2.0796375,-1.6496375,-1.4696374,-1.3696375,-1.3196374,-1.2996374,-1.2796375,-1.3396374,-1.4196374,-1.4996375,-1.6096375,-1.7396375,-1.3796375,-0.91963744,-0.33963746,0.39036256,1.2703625
-0.9496375,0.14036255,1.1603626,1.9603626,2.3603625,2.4003625,2.0903625,1.5403626,0.92036253,0.28036255,-0.27963746,-0.71963745,-1.0296375,-1.2596375,-1.3996375,-1.4896375,-1.5396374,-1.5496374,-1.5696374,-1.5996375,-1.6296375,-1.5896374,-1.5396374,-1.6096375,-1.6796374,-1.7296375,-1.7496375,-1.8396374,-2.1296375,-2.3196375,-2.3596375,-2.2096374,-1.9696374,-1.8296374,-1.6196375,-1.4196374,-1.2396375,-1.1396375,-1.2596375,-1.5496374,-1.7396375,-1.7896374,-1.6996374,-1.5296375,-1.2896374,-1.0996375,-0.95963746,-0.8796375,-0.8096374,-0.89963746,-1.0596374,-1.2996374,-1.6196375,-2.0296373,-1.8696375,-1.6696374,-1.3796375,-0.96963745,-0.37963745
-1.9496374,-0.83963746,0.39036256,1.5103625,2.3203626,2.7403626,2.7503626,2.4203625,1.9103626,1.3003626,0.6803625,0.11036255,-0.33963746,-0.70963746,-0.96963745,-1.1596375,-1.2896374,-1.3696375,-1.4096375,-1.3896375,-1.3396374,-1.2596375,-1.1596375,-1.0496374,-1.0996375,-1.2196374,-1.3696375,-1.5196375,-1.6096375,-1.8196374,-1.9996375,-2.0596375,-1.9996375,-1.9796375,-1.9096375,-1.7396375,-1.4596374,-1.1996374,-1.1996374,-1.3496375,-1.4796375,-1.5496374,-1.5496374,-1.4796375,-1.2996374,-1.1296375,-0.98963743,-0.8696374,-0.7496374,-0.79963744,-0.97963744,-1.2696375,-1.6396375,-2.0696375,-2.2196374,-2.1696374,-2.0496376,-1.9696374,-2.0296373
-2.9296374,-1.9096375,-0.67963743,0.60036254,1.7303625,2.5703626,2.9603624,2.9403625,2.6903625,2.2203627,1.6603626,1.0903625,0.54036254,0.05036255,-0.34963745,-0.6996375,-0.96963745,-1.1596375,-1.2596375,-1.2296375,-1.0796374,-0.79963744,-0.45963746,-0.14963745,-0.06963745,-0.16963746,-0.44963744,-0.8096374,-1.1096375,-1.2696375,-1.3796375,-1.4796375,-1.5796374,-1.6396375,-1.6796374,-1.6296375,-1.4696374,-1.2696375,-1.2396375,-1.2996374,-1.3896375,-1.4996375,-1.5896374,-1.5796374,-1.5396374,-1.4296374,-1.2796375,-1.1296375,-1.0496374,-1.0396374,-1.1296375,-1.2996374,-1.4996375,-1.7096374,-1.9296374,-2.0896375,-2.1896374,-2.2596374,-2.3596375
-3.6296375,-2.8596375,-1.7796375,-0.53963745,0.7403625,1.8603625,2.6303625,2.9903626,3.0303626,2.7603626,2.3703625,1.8803625,1.3503625,0.85036254,0.37036255,-0.06963745,-0.45963746,-0.77963746,-0.98963743,-1.0296375,-0.90963745,-0.6196374,-0.18963745,0.26036254,0.47036254,0.47036254,0.23036255,-0.16963746,-0.57963747,-0.79963744,-0.9396374,-1.0196375,-1.1096375,-1.2196374,-1.2896374,-1.2996374,-1.2196374,-1.1496375,-1.2396375,-1.2396375,-1.2796375,-1.3696375,-1.4596374,-1.4396374,-1.4696374,-1.4596374,-1.3996375,-1.3096374,-1.1896374,-1.1396375,-1.1296375,-1.1596375,-1.2196374,-1.3096374,-1.4696374,-1.6696374,-1.8896375,-2.1396375,-2.4196374
-3.9496374,-3.5296373,-2.7396374,-1.7096374,-0.5096375,0.6903626,1.7003626,2.3903625,2.7703626,2.8003626,2.6403625,2.3203626,1.9103626,1.4803625,1.0203625,0.5603626,0.12036255,-0.28963745,-0.6196374,-0.78963745,-0.8096374,-0.6196374,-0.27963746,0.12036255,0.38036254,0.49036255,0.40036255,0.14036255,-0.21963745,-0.46963745,-0.6396375,-0.73963743,-0.79963744,-0.8796375,-0.95963746,-1.0096375,-1.0096375,-1.0196375,-1.1396375,-1.1296375,-1.1496375,-1.1896374,-1.2296375,-1.1996374,-1.2296375,-1.2596375,-1.2596375,-1.2196374,-1.0896374,-1.0096375,-0.92963743,-0.8696374,-0.83963746,-0.84963745,-1.0096375,-1.2296375,-1.4896375,-1.7796375,-2.0896375
-3.8996375,-3.8396375,-3.4296374,-2.7596374,-1.8196374,-0.7596375,0.28036255,1.1903626,1.8703625,2.2503626,2.3803625,2.3103626,2.1003625,1.8003626,1.4303626,1.0303626,0.6103625,0.18036255,-0.21963745,-0.49963745,-0.66963744,-0.67963743,-0.53963745,-0.34963745,-0.14963745,0.030362548,0.12036255,0.10036255,-0.05963745,-0.24963745,-0.42963746,-0.5696375,-0.66963744,-0.70963746,-0.77963746,-0.85963744,-0.92963743,-0.98963743,-1.0296375,-1.0496374,-1.0696374,-1.0696374,-1.0496374,-1.0096375,-0.98963743,-0.97963744,-0.95963746,-0.90963745,-0.77963746,-0.6896374,-0.57963747,-0.48963746,-0.43963745,-0.41963744,-0.6196374,-0.8696374,-1.1296375,-1.3696375,-1.5596374
-3.5796375,-3.7996376,-3.7896376,-3.5296373,-2.9696374,-2.2396374,-1.3596375,-0.40963745,0.44036254,1.0903625,1.5603626,1.8003626,1.8403625,1.7103626,1.4703625,1.1703626,0.84036255,0.49036255,0.14036255,-0.16963746,-0.42963746,-0.6196374,-0.72963744,-0.73963743,-0.64963746,-0.49963745,-0.29963744,-0.09963745,0.010362549,-0.02963745,-0.16963746,-0.36963746,-0.58963746,-0.72963744,-0.7596375,-0.8196375,-0.9396374,-1.0596374,-1.0996375,-1.1196375,-1.1196375,-1.1196375,-1.0996375,-1.0396374,-0.9496375,-0.84963745,-0.73963743,-0.58963746,-0.40963745,-0.28963745,-0.18963745,-0.11963745,-0.08963745,-0.109637454,-0.28963745,-0.52963746,-0.79963744,-1.0396374,-1.2196374
