src/data/gfs/20180402-japan-10m-above-ground-wind/20180402-wind.json
{"header": {"discipline":0,"disciplineName":"Meteorological products","gribEdition":2,"gribLength":42853,"center":7,"centerName":"US National Weather Service - NCEP(WMC)","subcenter":0,"refTime":"2018-04-02T12:00:00.000Z","significanceOfRT":1,"significanceOfRTName":"Start of forecast","productStatus":0,"productStatusName":"Operational products","productType":1,"productTypeName":"Forecast products","productDefinitionTemplate":0,"productDefinitionTemplateName":"Analysis/forecast at horizontal level/layer at a point in time","parameterCategory":2,"parameterCategoryName":"Momentum","parameterNumber":2,"parameterNumberName":"U-component_of_wind","parameterUnit":"m.s-1","genProcessType":2,"genProcessTypeName":"Forecast","forecastTime":384,"surface1Type":103,"surface1TypeName":"Specified height level above ground","surface1Value":10,"surface2Type":255,"surface2TypeName":"Missing","surface2Value":0,"gridDefinitionTemplate":0,"gridDefinitionTemplateName":"Latitude_Longitude","numberPoints":28449,"shape":6,"shapeName":"Earth spherical with radius of 6,371,229.0 m","gridUnits":"degrees","resolution":48,"winds":"true","scanMode":64,"nx":261,"ny":109,"basicAngle":0,"lo1":107,"la1":20,"lo2":172,"la2":47,"dx":0.25,"dy":0.25}, "data":
[rows 50 to 74 of 109, columns 58 to 115 of 261]
0.38269532,0.61269534,0.8126953,1.0026953,1.1626953,1.2226954,1.2426953,1.2426953,1.2526953,1.2726953,1.2126954,1.0726953,0.8926953,0.74269533,0.74269533,1.2126954,2.0726953,3.1926954,4.422695,5.6026955,6.5226955,7.192695,7.6426954,7.8926954,7.982695,7.7726955,7.402695,6.902695,6.3526955,5.7826953,5.3126955,4.8726954,4.3926954,3.8126953,3.1226952,2.7526953,2.7426953,3.0526953,3.4026954,3.1926954,2.5826952,2.6526954,3.2326953,4.2026954,5.5126953,6.212695,6.442695,6.422695,6.2726955,6.092695,5.9126954,5.7226954,5.5326953,5.3526955,5.172695,5.002695,4.8226953,4.6426954
-0.19730468,0.0026953125,0.2226953,0.44269532,0.6326953,0.6826953,0.6926953,0.7226953,0.80269533,0.92269534,1.0326953,1.0926954,1.0626953,0.98269534,0.8926953,1.0626953,1.5726953,2.3826952,3.4026954,4.5226955,5.5826955,6.5226955,7.342695,7.9726954,8.372695,8.282696,7.9326954,7.402695,6.7726955,6.1026955,5.462695,4.862695,4.2926955,3.7726953,3.2826953,3.1526954,3.3826952,3.8426952,4.132695,3.6226952,2.5326953,1.8626953,1.6926953,2.2326953,3.8326952,4.5726953,5.4326954,6.0726953,6.382695,6.482695,6.4726954,6.342695,6.0826955,5.7426953,5.382695,5.1626954,5.0126953,4.882695
-0.7973047,-0.57730466,-0.3273047,-0.08730469,0.13269532,0.21269532,0.25269532,0.3226953,0.4526953,0.6326953,0.8426953,1.0226953,1.1626953,1.2226954,1.2126954,1.2326953,1.4526954,1.9026953,2.5826952,3.4226954,4.4526954,5.5826955,6.6826954,7.6426954,8.372695,8.482696,8.232696,7.7226954,7.0426955,6.3026953,5.5226955,4.7626953,4.092695,3.5826952,3.3226953,3.6426954,4.212695,4.672695,4.6626954,3.8226953,2.3026953,0.9726953,0.09269531,0.17269531,1.8726953,2.2826953,3.5226953,4.7826953,5.6826954,6.362695,6.8526955,6.982695,6.752695,6.212695,5.5626955,5.2026954,5.0526953,4.9926953
-1.3373047,-1.0973047,-0.8373047,-0.57730466,-0.33730468,-0.19730468,-0.08730469,0.05269531,0.2226953,0.4326953,0.67269534,0.9126953,1.1426953,1.3526953,1.4826953,1.5126953,1.5926954,1.8026953,2.1126952,2.4626954,3.2926953,4.5826955,5.862695,6.9326954,7.862695,8.202695,8.152696,7.8126955,7.2726955,6.612695,5.8226953,4.9526954,4.1026955,3.4726954,3.3826952,3.8226953,4.3126955,4.7026954,4.672695,3.7026954,1.7026954,-0.18730469,-1.3273047,-1.2173047,0.6026953,1.6026953,2.1026952,2.7726953,3.9226954,5.422695,6.692695,7.3226953,7.212695,6.462695,5.422695,4.982695,4.8926954,4.9126954
-1.7773046,-1.5373046,-1.2773046,-1.0273046,-0.7873047,-0.57730466,-0.37730467,-0.15730469,0.09269531,0.3626953,0.6426953,0.9026953,1.1726953,1.4226953,1.6326953,1.7526953,1.8926953,2.1026952,2.4126954,2.8026953,3.4326954,4.2826953,5.212695,6.1426954,7.0426955,7.692695,8.0626955,8.202695,8.122695,7.842695,7.3126955,6.632695,5.9126954,5.3026953,5.0126953,5.0226955,5.0726953,4.922695,4.362695,3.1826954,1.3126953,-0.37730467,-1.2773046,-1.0173047,0.4626953,1.1526953,1.4426953,1.7226954,2.2626953,3.2326953,4.3326955,5.132695,5.482695,5.2026954,4.0126953,3.7626953,3.2526953,3.2626953
-2.0473046,-1.8773047,-1.6573046,-1.4273047,-1.1873047,-0.9573047,-0.7073047,-0.4173047,-0.067304686,0.2926953,0.6226953,0.9326953,1.2226954,1.4826953,1.7326953,1.9126953,2.1226952,2.3826952,2.7026954,3.0726953,3.5426953,4.1026955,4.7726955,5.5526953,6.422695,7.3926954,8.162695,8.702695,8.962695,8.952695,8.632695,8.182695,7.7026954,7.3226953,7.152695,7.2026954,6.712695,6.0626955,5.212695,3.6826954,1.6326953,0.16269532,-0.39730468,-0.03730469,0.9726953,1.2226954,1.2726953,1.3026953,1.4926953,2.0626953,2.7826953,3.2326953,3.3426952,2.9826953,2.0026953,2.1526954,2.1226952,2.2526953
-2.1873047,-2.1473048,-2.0073047,-1.8273047,-1.6073047,-1.3573047,-1.0673047,-0.7173047,-0.30730468,0.13269532,0.5426953,0.9026953,1.2126954,1.5026953,1.7626953,1.9826953,2.2326953,2.5026953,2.8026953,3.0926952,3.4126954,3.8126953,4.3226953,4.9926953,5.842695,6.8726954,7.692695,8.212695,8.402696,8.292695,7.982695,7.7226954,7.6226954,7.7426953,8.112696,8.592695,8.292695,7.422695,6.0626955,4.1826954,2.4026954,1.3326954,0.9326953,1.0826954,1.6026953,1.6526953,1.5826954,1.4726954,1.4026953,1.4526954,1.5626953,1.4726954,1.0826954,0.5326953,0.09269531,0.8426953,1.2926953,1.4826953
-2.2173047,-2.3373046,-2.3173046,-2.2073047,-2.0373046,-1.7673047,-1.4473047,-1.0773047,-0.63730466,-0.14730468,0.31269532,0.73269534,1.0926954,1.4126953,1.7026954,1.9326953,2.1726954,2.4126954,2.6326952,2.7826953,2.8826952,3.1726954,3.6026952,4.172695,4.8726954,5.592695,5.9926953,6.0126953,5.6626954,5.0326953,4.5326953,4.442695,4.8126955,5.6426954,6.8526955,8.072696,8.782696,8.322696,6.7726955,5.002695,3.7026954,2.9226954,2.3726952,1.9726954,1.9226953,1.9026953,1.8526953,1.7026954,1.4126953,0.9726953,0.3926953,-0.19730468,-0.88730466,-1.3973047,-1.1473047,0.072695315,0.6526953,0.7626953
-2.1173048,-2.3973048,-2.5273046,-2.5273046,-2.3873048,-2.1273048,-1.8373047,-1.4773047,-1.0473046,-0.5573047,-0.057304688,0.3926953,0.80269533,1.1626953,1.4826953,1.7526953,1.9726954,2.1326952,2.2126954,2.1426954,1.7326953,1.9226953,2.3026953,2.6426954,2.8726952,2.8526952,2.4726954,1.7026954,0.5826953,-0.75730467,-1.4973047,-1.3873047,-0.5273047,0.98269534,3.0326953,5.2226954,6.9926953,8.052695,8.332695,7.9926953,5.9726954,4.6626954,3.5926952,2.5326953,1.5426953,1.1126953,0.9726953,0.8426953,0.5926953,0.18269531,-0.7973047,-1.6473047,-2.0873046,-1.9773047,-1.3173047,-0.40730467,0.24269532,0.25269532
-1.8473047,-2.2573047,-2.5273046,-2.6373048,-2.5973046,-2.4073048,-2.1673048,-1.8573047,-1.4873047,-1.0573047,-0.57730466,-0.11730469,0.3226953,0.7126953,1.0526953,1.3026953,1.4926953,1.6126953,1.6426953,1.5626953,1.2126954,1.0226953,0.8226953,0.5126953,0.06269531,-0.5873047,-1.4273047,-2.4673047,-3.6673048,-4.9273047,-5.3573046,-5.077305,-4.1973047,-2.8173046,-0.9873047,1.2426953,3.5526953,5.6826954,7.342695,8.212695,7.982695,6.612695,4.7426953,2.8826952,1.4526954,0.7826953,0.4926953,0.28269532,-0.017304687,-0.4873047,-1.0073047,-1.2673047,-1.1873047,-0.7773047,-0.1373047,0.28269532,0.2726953,-0.15730469
-1.5373046,-2.0773046,-2.4773047,-2.7073047,-2.7773046,-2.6773047,-2.4973047,-2.2373047,-1.9173046,-1.5473046,-1.1073047,-0.6573047,-0.23730469,0.13269532,0.4226953,0.6026953,0.73269534,0.8226953,0.8326953,0.74269533,0.47269532,0.09269531,-0.4173047,-1.0273046,-1.6273047,-2.2173047,-2.7973046,-3.3373046,-3.8673048,-4.387305,-5.3973045,-5.287305,-4.577305,-3.5573046,-2.3073046,-0.7073047,1.1726953,3.2826953,5.442695,7.382695,8.252695,7.862695,6.6026955,4.8226953,2.8326952,1.2926953,0.5726953,0.17269531,-0.21730469,-0.6673047,-0.8973047,-0.82730466,-0.5273047,-0.107304685,0.2926953,0.2926953,-0.09730469,-0.7473047
-1.1873047,-1.8373047,-2.3773048,-2.7373047,-2.9073048,-2.8973048,-2.7873046,-2.5973046,-2.3373046,-1.9973047,-1.6073047,-1.2073047,-0.8373047,-0.5373047,-0.3473047,-0.2673047,-0.22730468,-0.21730469,-0.2573047,-0.37730467,-0.50730467,-0.9073047,-1.5173047,-2.2173047,-2.7973046,-3.0073047,-3.0473046,-3.0173047,-2.9673047,-2.8973048,-3.6773047,-3.7073047,-3.3173046,-2.7173047,-2.0373046,-1.1973047,-0.067304686,1.4526954,3.3826952,5.732695,7.402695,8.202695,8.032696,6.922695,5.0726953,3.0426953,1.5226953,0.5026953,-0.11730469,-0.5873047,-0.7173047,-0.5673047,-0.2673047,0.022695312,0.14269531,-0.1373047,-0.7073047,-1.4373047
-0.8173047,-1.5573047,-2.2073047,-2.6873047,-2.9373047,-3.0273046,-3.0173047,-2.9073048,-2.7073047,-2.4173048,-2.0673046,-1.7273047,-1.4373047,-1.2273047,-1.1573046,-1.2173047,-1.2873046,-1.3973047,-1.5473046,-1.7473047,-1.7973046,-2.1073046,-2.5973046,-3.1373048,-3.5873046,-3.4273047,-3.0473046,-2.6873047,-2.4473047,-2.3073046,-2.0773046,-2.0273046,-1.9373047,-1.7173047,-1.4373047,-1.1173047,-0.63730466,0.16269532,1.4526954,3.4726954,5.752695,7.482695,8.372695,8.322696,7.3926954,5.592695,3.3426952,1.4926953,0.2926953,-0.5373047,-0.8973047,-0.9573047,-0.8673047,-0.7773047,-0.8373047,-1.2173047,-1.8273047,-2.5873046
-0.40730467,-1.2273047,-1.9373047,-2.4773047,-2.8273046,-3.0173047,-3.1273048,-3.1373048,-3.0273046,-2.7973046,-2.4973047,-2.2173047,-1.9873047,-1.8573047,-1.8873047,-2.0973046,-2.3173046,-2.5473046,-2.8073046,-3.1373048,-3.5273046,-3.7073047,-3.7573047,-3.7373047,-3.6873047,-3.4273047,-2.9973047,-2.5473046,-2.2573047,-2.3673048,-2.2073047,-1.8673047,-1.7373047,-1.8473047,-1.8873047,-1.7473047,-1.5773047,-1.2473047,-0.5273047,0.9126953,3.2726953,5.6026955,7.5426955,8.742695,8.902696,7.6226954,5.7726955,3.4926953,1.1126953,-0.8573047,-2.0773046,-2.7873046,-3.1473048,-3.2773046,-3.3673048,-3.6373048,-4.1973047,-4.9773045
0.06269531,-0.7773047,-1.5473046,-2.1573048,-2.5773046,-2.8573046,-3.0273046,-3.1073046,-3.0873046,-2.9873047,-2.8073046,-2.6373048,-2.4973047,-2.4673047,-2.6073046,-2.8673048,-3.1573048,-3.4573047,-3.7673047,-4.0873046,-4.367305,-4.2173047,-3.9973047,-3.8473046,-3.6373048,-3.2573047,-2.8573046,-2.5773046,-2.5573046,-2.9473047,-2.9473047,-3.3773048,-3.6673048,-3.6473048,-3.5273046,-3.5173047,-3.5473046,-3.5173047,-3.2073047,-2.3573046,-0.37730467,1.9926953,4.3726954,6.3726954,7.632695,7.5426955,6.5526953,4.7226954,2.3026953,-0.2573047,-2.2373047,-3.6573048,-4.5273046,-4.9173045,-4.907305,-4.6873045,-4.6673045,-4.9173045
0.5726953,-0.2873047,-1.0873047,-1.7473047,-2.2273047,-2.5873046,-2.8373046,-2.9973047,-3.0773046,-3.0773046,-3.0273046,-2.9573047,-2.9173048,-2.9573047,-3.1473048,-3.4773047,-3.8273046,-4.1673045,-4.4373045,-4.5073047,-3.8673048,-3.5473046,-3.4173048,-3.3473046,-3.1973047,-2.8873048,-2.6273048,-2.5673046,-2.7973046,-3.3773048,-3.4973047,-4.1073046,-4.557305,-4.6673045,-4.7573047,-5.0673046,-5.4373045,-5.7773046,-5.9173045,-5.6473045,-4.4273047,-2.5673046,-0.3573047,1.8926953,3.8426952,4.8126955,4.8926954,4.0726953,2.4526954,0.2226953,-1.9473047,-3.7373047,-5.0073047,-5.6673045,-5.7073045,-5.247305,-4.7973046,-4.6073046
1.0226953,0.24269532,-0.5373047,-1.2173047,-1.7473047,-2.1873047,-2.5373046,-2.7973046,-2.9673047,-3.0673046,-3.1073046,-3.1573048,-3.2173047,-3.3373046,-3.5473046,-3.8873048,-4.267305,-4.6473045,-4.887305,-4.7973046,-3.5073047,-2.9273047,-2.7073047,-2.6173048,-2.4773047,-2.3273046,-2.3173046,-2.5173047,-2.9373047,-3.5573046,-3.5273046,-4.037305,-4.5273046,-4.867305,-5.3373046,-6.097305,-6.8773046,-7.5873046,-8.127305,-8.347304,-7.9473047,-6.9673047,-5.497305,-3.6873047,-1.7373047,-0.12730469,0.8826953,1.1926953,0.73269534,-0.5673047,-2.2773046,-3.8973048,-5.1873045,-5.9873047,-6.1873045,-5.7773046,-5.2173047,-4.7773046
1.2926953,0.6826953,0.0026953125,-0.6073047,-1.1573046,-1.6573046,-2.1273048,-2.4973047,-2.7673047,-2.9373047,-3.0373046,-3.1873047,-3.3673048,-3.5673046,-3.7973046,-4.117305,-4.4873047,-4.8773046,-5.1673045,-5.1073046,-3.8073046,-2.8373046,-2.2173047,-1.8873047,-1.6173047,-1.6973047,-2.0473046,-2.5373046,-3.0673046,-3.5373046,-3.1273048,-3.2673047,-3.7373047,-4.4373045,-5.387305,-6.6273046,-7.7773046,-8.777305,-9.567305,-10.117305,-10.367305,-10.317305,-9.887304,-9.027305,-7.7373047,-6.137305,-4.6873045,-3.5673046,-2.9673047,-3.1173048,-3.8773048,-4.8373046,-5.7773046,-6.517305,-6.9173045,-6.747305,-6.3373046,-5.8573046
1.1726953,0.80269533,0.35269532,-0.08730469,-0.49730468,-1.0473046,-1.6173047,-2.1073046,-2.4573047,-2.6973047,-2.7973046,-2.9773047,-3.2473047,-3.5873046,-3.9273047,-4.2173047,-4.5273046,-4.9373045,-5.3373046,-5.4273047,-4.387305,-3.0673046,-1.9673047,-1.2673047,-0.8673047,-1.2273047,-1.9873047,-2.8173046,-3.3873048,-3.4673047,-2.8073046,-2.0373046,-2.3173046,-3.7573047,-5.367305,-6.9473047,-8.307304,-9.407305,-10.237305,-10.837305,-11.427304,-11.977304,-12.367305,-12.467304,-12.217304,-11.427304,-10.347304,-9.137304,-8.007305,-7.2073045,-6.9873047,-7.1473045,-7.5673046,-8.097304,-8.597304,-8.597304,-8.357305,-7.9773045
1.1626953,0.98269534,0.6626953,0.2926953,-0.0073046875,-0.51730466,-1.0973047,-1.6173047,-2.0073047,-2.2373047,-2.1973047,-2.2773046,-2.5473046,-2.9873047,-3.5173047,-4.0273046,-4.4773045,-4.8173046,-5.017305,-5.077305,-4.2273045,-3.1773047,-2.2873046,-1.6673046,-1.1173047,-1.8673047,-2.9073048,-3.7173047,-3.9973047,-3.6673048,-3.0273046,-2.7273047,-3.1173048,-4.2773046,-5.9873047,-7.6273046,-8.9373045,-9.897305,-10.557304,-10.977304,-11.457305,-12.037305,-12.627305,-13.147305,-13.477304,-13.417305,-13.077305,-12.497305,-11.787305,-11.117305,-10.647305,-10.377305,-10.297305,-10.367305,-10.497305,-10.537305,-10.487305,-10.307304
1.4926953,1.4226953,1.1226953,0.7126953,0.2926953,-0.23730469,-0.76730466,-1.2373047,-1.5573047,-1.6973047,-1.5273046,-1.4573047,-1.5773047,-1.9473047,-2.5073047,-3.1573048,-3.6973047,-3.8073046,-3.5973046,-3.5973046,-3.3273046,-2.9273047,-2.5173047,-2.1273048,-1.6973047,-2.8373046,-3.9173048,-4.5073047,-4.3973045,-3.7073047,-3.0573046,-3.1073046,-3.8473046,-5.1673045,-6.9273047,-8.497305,-9.6873045,-10.507305,-11.007305,-11.257305,-11.547305,-11.957305,-12.467304,-12.997305,-13.497305,-13.797305,-13.927304,-13.847304,-13.587305,-13.237305,-12.877305,-12.577305,-12.347304,-12.177304,-12.037305,-11.997305,-11.997305,-11.9373045
1.5326953,1.5026953,1.2126954,0.8126953,0.34269533,-0.1373047,-0.57730466,-0.9373047,-1.1673046,-1.2273047,-1.0373046,-0.8773047,-0.8573047,-1.0273046,-1.3873047,-1.8573047,-2.2173047,-2.2373047,-2.0473046,-2.1373048,-2.3373046,-2.5373046,-2.6973047,-2.7473047,-2.5473046,-3.6373048,-4.4673047,-4.7273045,-4.407305,-3.7773046,-3.5073047,-3.6973047,-4.597305,-6.117305,-7.8373046,-9.297305,-10.387304,-11.127305,-11.537305,-11.707305,-11.827305,-12.047305,-12.357305,-12.727304,-13.127305,-13.507305,-13.797305,-13.977304,-14.017304,-13.957305,-13.787305,-13.607305,-13.397305,-13.1873045,-12.957305,-12.877305,-12.867305,-12.847304
1.2026954,1.1626953,0.9626953,0.6526953,0.2926953,-0.057304688,-0.37730467,-0.6473047,-0.82730466,-0.9173047,-0.82730466,-0.7073047,-0.6173047,-0.5673047,-0.57730466,-0.6073047,-0.6173047,-0.69730467,-0.8973047,-1.2373047,-1.6873047,-2.2773046,-2.9273047,-3.4373047,-3.4573047,-4.0673046,-4.3973045,-4.407305,-4.1973047,-3.9873047,-4.1273046,-4.3573046,-5.2573047,-6.827305,-8.447305,-9.797305,-10.837305,-11.567305,-12.017304,-12.197305,-12.277305,-12.377305,-12.507305,-12.677304,-12.897305,-13.147305,-13.387304,-13.587305,-13.717304,-13.787305,-13.757305,-13.677304,-13.547305,-13.397305,-13.237305,-13.1873045,-13.157305,-13.127305
0.86269534,0.9026953,0.8326953,0.6826953,0.4826953,0.24269532,0.0026953125,-0.23730469,-0.4773047,-0.7173047,-0.8673047,-0.94730467,-0.8673047,-0.6573047,-0.36730468,-0.1373047,0.022695312,0.0026953125,-0.2973047,-0.8773047,-1.6073047,-2.4473047,-3.3073046,-3.9673047,-4.0673046,-4.1773047,-3.9673047,-3.9573047,-4.2173047,-4.367305,-3.8973048,-4.3573046,-5.5073047,-7.017305,-8.527305,-9.807304,-10.847304,-11.637304,-12.1873045,-12.517304,-12.667305,-12.767304,-12.837305,-12.907305,-12.977304,-13.077305,-13.1873045,-13.277305,-13.347304,-13.397305,-13.387304,-13.347304,-13.267304,-13.177304,-13.067305,-13.017304,-13.007305,-12.997305
0.6526953,0.8726953,1.0026953,1.0226953,0.9526953,0.8126953,0.6226953,0.37269533,0.06269531,-0.3473047,-0.82730466,-1.1973047,-1.3773047,-1.3073047,-0.9873047,-0.5273047,-0.20730469,-0.2473047,-0.69730467,-1.5073047,-2.4973047,-3.3973048,-4.0673046,-4.4673047,-4.6073046,-3.9273047,-3.2273047,-2.8373046,-2.8273046,-2.9973047,-3.0973046,-3.8373046,-4.9873047,-6.367305,-7.767305,-9.007305,-10.077305,-10.967304,-11.677304,-12.217304,-12.517304,-12.727304,-12.867305,-12.947305,-13.007305,-13.047305,-13.097304,-13.127305,-13.147305,-13.147305,-13.117305,-13.067305,-13.007305,-12.9373045,-12.857305,-12.827305,-12.817305,-12.797305
